Date,High,Low,Open,Close,Volume,Adj Close
2014-01-02,1799.0,1742.0,1742.0,1772.0,225822.0,1451.1376953125
2014-01-03,1785.0,1730.0,1730.0,1730.0,261074.0,1416.74267578125
2014-01-06,1761.0,1449.0,1725.0,1756.0,112093.0,1438.034912109375
2014-01-07,1770.0,1750.0,1750.0,1765.0,110087.0,1445.4052734375
2014-01-08,1785.0,1750.0,1750.0,1776.0,117444.0,1454.413330078125
2014-01-09,1788.0,1757.0,1780.0,1787.0,144575.0,1463.421630859375
2014-01-10,1792.5,1750.0,1750.0,1790.0,456250.0,1465.8782958984375
2014-01-13,1839.0,1785.0,1785.0,1822.0,1778815.0,1492.083984375
2014-01-14,1823.0,1796.0,1820.0,1808.0,324826.0,1480.6190185546875
2014-01-15,1840.0,1799.0,1802.0,1823.0,218819.0,1492.9029541015625
2014-01-16,1858.0,1825.0,1825.0,1844.0,182431.0,1510.1004638671875
2014-01-17,1887.0,1845.0,1860.0,1886.0,132566.0,1544.495361328125
2014-01-20,1911.0,1878.0,1878.0,1911.0,126184.0,1564.968505859375
2014-01-21,1930.0,1890.0,1910.0,1900.0,114544.0,1555.9603271484375
2014-01-22,1920.0,1886.0,1911.0,1901.0,355564.0,1556.7791748046875
2014-01-23,1917.0,1887.0,1890.0,1912.0,121663.0,1565.787353515625
2014-01-24,1919.0,1783.0,1900.0,1810.0,1461646.0,1482.2568359375
2014-01-27,1818.0,1783.0,1810.0,1790.0,815364.0,1465.8782958984375
2014-01-28,1823.0,1785.0,1785.0,1822.0,111309.0,1492.083984375
2014-01-29,1861.0,1778.0,1826.0,1795.0,209801.0,1469.9730224609375
2014-01-30,1815.0,1742.0,1813.0,1755.0,141943.0,1437.2161865234375
2014-01-31,1797.0,1714.0,1750.0,1733.0,324959.0,1419.1995849609375
2014-02-03,1738.0,1646.0,1707.0,1677.0,291211.0,1373.3397216796875
2014-02-04,1678.0,1639.0,1641.0,1669.0,389908.0,1366.7884521484375
2014-02-05,1704.0,1667.0,1673.0,1678.0,354873.0,1374.15869140625
2014-02-06,1792.0,1697.0,1697.0,1760.0,259007.0,1441.310546875
2014-02-07,1817.0,1761.0,1795.0,1778.0,467472.0,1456.051025390625
2014-02-10,1826.0,1771.0,1771.0,1798.0,208623.0,1472.4296875
2014-02-11,1823.27001953125,1803.0,1810.0,1813.0,258128.0,1484.7135009765625
2014-02-12,1953.0,1875.0,1875.0,1898.0,566769.0,1554.3223876953125
2014-02-13,1917.0,1843.0,1910.0,1900.0,363079.0,1555.9603271484375
2014-02-14,1968.0,1891.0,1905.0,1960.0,1064288.0,1605.0958251953125
2014-02-17,1998.0,1945.1300048828125,1976.0,1985.0,503172.0,1625.56884765625
2014-02-18,2010.0,1970.0,1990.0,1996.0,361548.0,1634.5771484375
2014-02-19,2061.0,1980.0,2000.0,2011.0,327532.0,1646.861083984375
2014-02-20,2007.0,1972.0,2001.0,2000.0,350487.0,1637.8529052734375
2014-02-21,2038.0,1984.0,1990.0,1993.0,260516.0,1632.12060546875
2014-02-24,2031.0,1965.0,1965.0,2016.0,98950.0,1650.9556884765625
2014-02-25,2028.0,1967.0,1967.0,2008.0,163652.0,1644.404541015625
2014-02-26,2030.0,1980.0,1991.0,1980.0,196811.0,1621.4744873046875
2014-02-27,2014.0,1946.0,1965.0,1993.0,433957.0,1632.12060546875
2014-02-28,2025.0,1979.0,1979.0,2025.0,314916.0,1658.326171875
2014-03-03,1994.0,1945.0,1994.0,1956.0,208218.0,1601.8201904296875
2014-03-04,2018.0,1950.0,1950.0,2017.0,172647.0,1651.77490234375
2014-03-05,2025.0,1990.0,2000.0,1994.0,95488.0,1632.939453125
2014-03-06,2032.0,1975.0,1975.0,2018.0,350011.0,1652.5936279296875
2014-03-07,2026.5,1973.0,2026.0,1973.0,366112.0,1615.741943359375
2014-03-10,2011.0,1945.0,1945.0,1987.0,201891.0,1627.20703125
2014-03-11,1997.0,1956.0,1989.0,1983.0,88154.0,1623.93115234375
2014-03-12,2000.0,1943.0,1970.0,1953.0,221440.0,1599.363525390625
2014-03-13,1952.0,1875.0,1942.0,1887.0,285475.0,1545.3143310546875
2014-03-14,1877.0,1829.0,1861.0,1845.0,279304.0,1510.91943359375
2014-03-17,1885.0,1818.0,1818.0,1873.0,128774.0,1533.849365234375
2014-03-18,1895.0,1829.0,1829.0,1883.0,202956.0,1542.0384521484375
2014-03-19,1889.0,1842.0,1879.0,1862.0,204469.0,1524.841064453125
2014-03-20,1860.0,1807.0,1836.0,1853.0,322233.0,1517.470458984375
2014-03-21,1860.0,1797.0,1850.0,1810.0,588284.0,1482.2568359375
2014-03-24,1823.0,1796.0,1802.0,1800.0,553696.0,1474.067626953125
2014-03-25,1852.0,1785.0,1785.0,1838.0,177167.0,1505.1868896484375
2014-03-26,1932.0,1852.0,1852.0,1932.0,319045.0,1582.1661376953125
2014-03-27,1918.739990234375,1844.0,1900.0,1851.0,202812.0,1515.8331298828125
2014-03-28,1885.0,1761.0,1855.0,1763.0,506023.0,1443.767333984375
2014-03-31,1785.0,1719.0,1765.0,1758.0,702000.0,1439.6727294921875
2014-04-01,1830.0,1761.0,1775.0,1830.0,490527.0,1498.6353759765625
2014-04-02,1849.510009765625,1802.0,1842.0,1822.0,181719.0,1492.083984375
2014-04-03,1833.0,1804.0,1832.0,1826.0,175623.0,1495.35986328125
2014-04-04,1842.0,1810.0,1810.0,1817.0,168083.0,1487.989501953125
2014-04-07,1817.0,1790.0,1809.0,1797.0,178905.0,1471.61083984375
2014-04-08,1800.8800048828125,1680.0,1782.0,1758.0,770595.0,1439.6727294921875
2014-04-09,1778.0,1706.0,1776.0,1755.0,359067.0,1462.8026123046875
2014-04-10,1792.0,1719.0,1727.0,1725.0,574564.0,1437.7974853515625
2014-04-11,1740.0,1683.0,1719.0,1718.0,340231.0,1431.962646484375
2014-04-14,1745.0,1684.0,1691.0,1701.0,237202.0,1417.793212890625
2014-04-15,1715.0,1635.0,1684.0,1635.0,278984.0,1362.7818603515625
2014-04-16,1723.0,1643.0,1643.0,1705.0,252768.0,1421.1270751953125
2014-04-17,1725.0,1677.0,1696.0,1684.0,193666.0,1403.6236572265625
2014-04-22,1709.0,1685.0,1685.0,1688.0,154442.0,1406.9576416015625
2014-04-23,1695.0,1635.0,1675.0,1684.0,490603.0,1403.6236572265625
2014-04-24,1707.0,1605.0,1677.0,1615.0,440406.0,1346.11181640625
2014-04-25,1635.0,1589.0,1615.0,1606.0,529230.0,1338.6102294921875
2014-04-28,1611.0,1577.0,1599.0,1588.0,252218.0,1323.60693359375
2014-04-29,1616.0,1564.0,1581.0,1570.0,229568.0,1308.60400390625
2014-04-30,1620.0,1563.0,1563.0,1600.0,304174.0,1333.6092529296875
2014-05-01,1618.0,1594.0,1601.0,1600.0,165093.0,1333.6092529296875
2014-05-02,1632.0,1541.0,1600.0,1605.0,776273.0,1337.776611328125
2014-05-06,1639.0,1612.0,1612.0,1639.0,334841.0,1366.1158447265625
2014-05-07,1696.0,1615.0,1625.0,1663.0,568778.0,1386.1199951171875
2014-05-08,1719.0,1669.0,1673.0,1709.0,474898.0,1424.4613037109375
2014-05-09,1715.0,1682.0,1715.0,1704.0,257364.0,1420.293701171875
2014-05-12,1758.0,1695.0,1697.0,1730.0,229496.0,1441.9647216796875
2014-05-13,1744.93994140625,1705.0,1730.0,1720.0,140137.0,1433.6298828125
2014-05-14,1731.0,1693.0,1709.0,1701.0,205397.0,1417.793212890625
2014-05-15,1718.0,1622.0,1705.0,1639.0,346966.0,1366.1158447265625
2014-05-16,1648.1600341796875,1550.0,1614.0,1593.0,751050.0,1327.7745361328125
2014-05-19,1669.0,1581.0,1615.0,1651.0,443346.0,1376.1180419921875
2014-05-20,1679.0,1613.0,1651.0,1629.0,423081.0,1357.7808837890625
2014-05-21,1635.0,1597.0,1620.0,1615.0,187414.0,1346.11181640625
2014-05-22,1675.0,1614.0,1614.0,1646.0,647412.0,1371.9503173828125
2014-05-23,1722.0,1633.0,1633.0,1715.0,247836.0,1429.4622802734375
2014-05-27,1783.0,1708.0,1725.0,1725.0,198395.0,1437.7974853515625
2014-05-28,1760.0,1711.0,1711.0,1759.0,160260.0,1466.136474609375
2014-05-29,1760.0,1723.0,1758.0,1736.0,143648.0,1446.9658203125
2014-05-30,1777.0,1715.0,1715.0,1764.0,151012.0,1470.30419921875
2014-06-02,1780.0,1734.0,1748.0,1764.0,64456.0,1470.30419921875
2014-06-03,1792.0,1751.0,1780.0,1765.0,151068.0,1471.1375732421875
2014-06-04,1811.0,1746.0,1746.0,1800.0,205003.0,1500.310302734375
2014-06-05,1815.0,1780.0,1797.0,1801.0,237480.0,1501.143798828125
2014-06-06,1854.0,1802.0,1803.0,1840.0,214346.0,1533.650390625
2014-06-09,1862.0,1838.0,1849.0,1862.0,119848.0,1551.987548828125
2014-06-10,1870.0,1805.0,1870.0,1835.0,150994.0,1529.48291015625
2014-06-11,1841.0,1755.0,1835.0,1760.0,267663.0,1466.969970703125
2014-06-12,1771.0,1704.0,1769.0,1763.0,313106.0,1469.4705810546875
2014-06-13,1773.0,1707.0,1773.0,1707.0,186672.0,1422.794189453125
2014-06-16,1719.0,1667.0,1702.0,1700.0,178676.0,1416.959716796875
2014-06-17,1730.0,1670.0,1720.0,1675.0,133181.0,1396.1221923828125
2014-06-18,1703.0,1660.0,1690.0,1698.0,133526.0,1415.2926025390625
2014-06-19,1710.0,1686.0,1707.0,1698.0,136131.0,1415.2926025390625
2014-06-20,1711.0,1653.6800537109375,1705.0,1660.0,332994.0,1383.6195068359375
2014-06-23,1680.0,1651.0,1680.0,1652.0,181617.0,1376.9515380859375
2014-06-24,1691.0,1647.0,1665.0,1672.0,435624.0,1393.62158203125
2014-06-25,1705.0,1646.0,1693.0,1680.0,273117.0,1400.28955078125
2014-06-26,1697.0,1653.0,1691.0,1675.0,198796.0,1396.1221923828125
2014-06-27,1691.0,1653.0,1691.0,1675.0,336894.0,1396.1221923828125
2014-06-30,1694.0,1660.0,1694.0,1669.0,232847.0,1391.1212158203125
2014-07-01,1674.0,1622.0,1672.0,1630.0,600168.0,1358.6142578125
2014-07-02,1642.0,1590.0,1620.0,1601.0,396771.0,1334.442626953125
2014-07-03,1600.0,1565.0,1600.0,1580.0,567252.0,1316.93896484375
2014-07-04,1597.0,1572.0,1572.0,1590.0,360096.0,1325.274169921875
2014-07-07,1597.0,1559.0,1590.0,1565.0,173177.0,1304.4366455078125
2014-07-08,1575.0,1505.0,1575.0,1506.0,521900.0,1255.2593994140625
2014-07-09,1511.0,1478.0,1502.0,1500.0,429290.0,1250.2584228515625
2014-07-10,1505.0,1480.0,1502.0,1499.0,451995.0,1249.4249267578125
2014-07-11,1549.0,1495.0,1509.0,1545.0,509269.0,1287.7662353515625
2014-07-14,1558.0,1543.0,1550.0,1547.0,141600.0,1289.433349609375
2014-07-15,1562.0,1539.0,1562.0,1547.0,532076.0,1289.433349609375
2014-07-16,1598.0,1551.0,1551.0,1581.0,719327.0,1317.7725830078125
2014-07-17,1595.0,1560.0,1589.0,1574.0,630861.0,1311.9378662109375
2014-07-18,1579.0,1552.0,1579.0,1563.0,138295.0,1302.76953125
2014-07-21,1575.0,1540.0,1575.0,1560.0,202405.0,1300.268798828125
2014-07-22,1621.0,1558.0,1560.0,1621.0,255415.0,1351.11279296875
2014-07-23,1632.0,1610.0,1625.0,1628.0,361258.0,1356.9471435546875
2014-07-24,1662.0,1621.0,1637.0,1650.0,518529.0,1375.284423828125
2014-07-25,1662.0,1580.0,1661.0,1605.0,302159.0,1337.776611328125
2014-07-28,1648.0,1610.0,1617.0,1625.0,289798.0,1354.4468994140625
2014-07-29,1670.0,1622.0,1650.0,1668.0,229923.0,1390.287353515625
2014-07-30,1699.0,1609.0,1699.0,1645.0,523655.0,1371.1168212890625
2014-07-31,1669.0,1616.0,1669.0,1621.0,395459.0,1351.11279296875
2014-08-01,1635.0,1602.0,1635.0,1612.0,341595.0,1343.6112060546875
2014-08-04,1644.0,1615.0,1629.0,1635.0,191467.0,1362.7818603515625
2014-08-05,1673.0,1630.0,1636.0,1664.0,187322.0,1386.953369140625
2014-08-06,1672.0,1590.0,1672.0,1639.0,295635.0,1366.1158447265625
2014-08-07,1632.0,1609.0,1630.0,1610.0,322999.0,1341.944091796875
2014-08-08,1634.0,1581.0,1605.0,1625.0,305685.0,1354.4468994140625
2014-08-11,1651.0,1624.0,1632.0,1636.0,205946.0,1363.614990234375
2014-08-12,1648.0,1601.0,1645.0,1610.0,178892.0,1341.944091796875
2014-08-13,1628.0,1596.0,1628.0,1614.0,243481.0,1345.278076171875
2014-08-14,1623.0,1587.0,1610.0,1590.0,326838.0,1325.274169921875
2014-08-15,1646.0,1595.0,1600.0,1629.0,288954.0,1357.7808837890625
2014-08-18,1652.0,1624.0,1652.0,1645.0,232659.0,1371.1168212890625
2014-08-19,1653.0,1631.0,1652.0,1638.0,467246.0,1365.2822265625
2014-08-20,1658.02001953125,1615.0,1645.0,1625.0,309646.0,1354.4468994140625
2014-08-21,1650.0,1623.0,1636.0,1650.0,221922.0,1375.284423828125
2014-08-22,1660.0,1621.0,1660.0,1633.0,181615.0,1361.1148681640625
2014-08-26,1665.0,1639.0,1640.0,1649.0,249007.0,1374.4508056640625
2014-08-27,1702.0,1638.0,1652.0,1694.0,255444.0,1411.9588623046875
2014-08-28,1720.0,1689.0,1709.0,1720.0,417486.0,1433.6298828125
2014-08-29,1748.0,1709.0,1735.0,1718.0,312117.0,1431.962646484375
2014-09-01,1762.0,1722.0,1722.0,1760.0,157155.0,1466.969970703125
2014-09-02,1790.0,1753.0,1767.0,1760.0,263875.0,1466.969970703125
2014-09-03,1785.0,1747.0,1760.0,1763.0,172985.0,1469.4705810546875
2014-09-04,1785.0,1750.0,1750.0,1770.0,177755.0,1475.30517578125
2014-09-05,1792.0,1750.0,1784.0,1792.0,280420.0,1493.64208984375
2014-09-08,1797.0,1757.0,1789.0,1764.0,151924.0,1470.30419921875
2014-09-09,1765.0,1738.0,1749.0,1753.0,200881.0,1461.1356201171875
2014-09-10,1771.0,1741.0,1763.0,1765.0,113864.0,1471.1375732421875
2014-09-11,1778.0,1744.0,1762.0,1774.0,140184.0,1478.6390380859375
2014-09-12,1801.0,1760.6099853515625,1788.0,1801.0,188931.0,1501.143798828125
2014-09-15,1811.0,1788.0,1808.0,1804.0,162071.0,1503.644287109375
2014-09-16,1809.0,1758.0,1809.0,1789.0,439421.0,1491.1419677734375
2014-09-17,1806.0,1770.0,1800.0,1803.0,826240.0,1502.8106689453125
2014-09-18,1832.0,1791.0,1800.0,1830.0,272173.0,1525.3154296875
2014-09-19,1840.0,1810.0,1834.0,1818.0,242065.0,1515.3133544921875
2014-09-22,1820.0,1770.0,1820.0,1796.0,222523.0,1496.9761962890625
2014-09-23,1805.0,1710.0,1805.0,1710.0,526712.0,1425.294677734375
2014-09-24,1732.5,1662.0,1721.0,1680.0,544666.0,1400.28955078125
2014-09-25,1723.0,1643.0,1693.0,1646.0,431803.0,1371.9503173828125
2014-09-26,1689.0,1616.0,1660.0,1665.0,853481.0,1387.787109375
2014-09-29,1717.0,1678.0,1700.0,1709.0,449632.0,1424.4613037109375
2014-09-30,1751.0,1705.0,1705.0,1730.0,897314.0,1441.9647216796875
2014-10-01,1763.0,1693.0,1750.0,1699.0,407432.0,1428.824462890625
2014-10-02,1713.0,1661.0,1706.0,1676.0,338978.0,1409.4820556640625
2014-10-03,1701.0,1676.0,1699.0,1693.0,217123.0,1423.7786865234375
2014-10-06,1724.0,1696.0,1722.0,1715.0,332223.0,1442.2802734375
2014-10-07,1729.0,1682.0,1729.0,1693.0,423520.0,1423.7786865234375
2014-10-08,1687.0,1653.0,1687.0,1660.0,391479.0,1396.0264892578125
2014-10-09,1691.0,1660.0,1680.0,1670.0,261065.0,1404.4361572265625
2014-10-10,1665.0,1551.0,1665.0,1563.0,476540.0,1314.451171875
2014-10-13,1610.0,1550.0,1560.0,1576.0,403945.0,1325.3841552734375
2014-10-14,1586.0,1552.0,1576.0,1570.0,309068.0,1320.3382568359375
2014-10-15,1621.0,1530.0,1578.0,1556.0,495113.0,1308.564453125
2014-10-16,1590.0,1492.0,1550.0,1533.0,739418.0,1289.221923828125
2014-10-17,1585.0,1540.0,1540.0,1570.0,391732.0,1320.3382568359375
2014-10-20,1575.0,1530.0,1575.0,1540.0,218629.0,1295.10888671875
2014-10-21,1620.0,1530.0,1546.0,1610.0,943925.0,1353.9771728515625
2014-10-22,1671.0,1600.0,1610.0,1665.0,2659156.0,1400.2313232421875
2014-10-23,1671.0,1621.0,1650.0,1637.0,289307.0,1376.6837158203125
2014-10-24,1647.0,1616.0,1646.0,1628.0,197257.0,1369.1151123046875
2014-10-27,1662.0,1608.0,1662.0,1608.0,246291.0,1352.295654296875
2014-10-28,1655.0,1609.0,1609.0,1640.0,290129.0,1379.2069091796875
2014-10-29,1670.0,1613.0,1670.0,1613.0,309615.0,1356.5003662109375
2014-10-30,1632.0,1602.0,1632.0,1618.0,384910.0,1360.7052001953125
2014-10-31,1665.0,1628.0,1658.0,1647.0,706318.0,1385.093505859375
2014-11-03,1656.0,1621.0,1652.0,1642.0,322122.0,1380.8887939453125
2014-11-04,1676.0,1621.0,1676.0,1636.0,329008.0,1375.8428955078125
2014-11-05,1708.0,1654.0,1656.0,1674.0,525586.0,1407.800048828125
2014-11-06,1694.0,1660.0,1661.0,1670.0,550464.0,1404.4361572265625
2014-11-07,1689.0,1645.0,1686.0,1670.0,259841.0,1404.4361572265625
2014-11-10,1688.0,1664.0,1680.0,1665.0,184078.0,1400.2313232421875
2014-11-11,1690.0,1658.0,1690.0,1658.0,167347.0,1394.344482421875
2014-11-12,1682.0,1645.0,1645.0,1677.0,190046.0,1410.3231201171875
2014-11-13,1704.0,1680.0,1680.0,1700.0,368937.0,1429.66552734375
2014-11-14,1707.0,1678.0,1694.0,1684.0,363561.0,1416.2098388671875
2014-11-17,1689.0,1660.0,1674.0,1660.0,132855.0,1396.0264892578125
2014-11-18,1727.0,1668.0,1676.0,1720.0,347779.0,1446.4852294921875
2014-11-19,1775.0,1725.0,1726.0,1750.0,561771.0,1471.7144775390625
2014-11-20,1763.0,1728.0,1755.0,1742.0,298672.0,1464.9866943359375
2014-11-21,1805.0,1729.0,1729.0,1792.0,473467.0,1507.03564453125
2014-11-24,1806.0,1782.0,1799.0,1798.0,261268.0,1512.08154296875
2014-11-25,1824.0,1790.0,1790.0,1824.0,355559.0,1533.947021484375
2014-11-26,1841.0,1806.0,1829.0,1825.0,460023.0,1534.787841796875
2014-11-27,1843.0,1813.0,1819.0,1843.0,421121.0,1549.92578125
2014-11-28,1867.0,1823.0,1829.0,1855.0,370096.0,1560.0174560546875
2014-12-01,1869.0,1800.0,1855.0,1815.0,615493.0,1526.378173828125
2014-12-02,1847.0,1808.0,1815.0,1820.0,407203.0,1530.583251953125
2014-12-03,1845.0,1823.0,1835.0,1833.0,135757.0,1541.5159912109375
2014-12-04,1869.0,1842.0,1854.0,1858.0,283412.0,1562.5404052734375
2014-12-05,1920.0,1850.0,1850.0,1920.0,307747.0,1614.6810302734375
2014-12-08,1924.0,1876.0,1920.0,1876.0,167106.0,1577.6781005859375
2014-12-09,1862.0,1806.0,1846.0,1820.0,468410.0,1530.583251953125
2014-12-10,1845.0,1802.0,1845.0,1840.0,509177.0,1547.4027099609375
2014-12-11,1864.0,1823.0,1829.0,1850.0,261174.0,1555.8126220703125
2014-12-12,1835.0,1800.0,1811.0,1820.0,386553.0,1530.583251953125
2014-12-15,1832.0,1780.0,1829.0,1782.0,197166.0,1498.6259765625
2014-12-16,1791.0,1756.0,1784.0,1785.0,315459.0,1501.148681640625
2014-12-17,1785.0,1713.0,1785.0,1721.0,441206.0,1447.326171875
2014-12-18,1767.0,1728.0,1737.0,1750.0,494114.0,1471.7144775390625
2014-12-19,1820.0,1751.0,1751.0,1805.0,1029930.0,1517.9683837890625
2014-12-22,1840.0,1801.0,1801.0,1817.0,364825.0,1528.06005859375
2014-12-23,1860.0,1815.0,1827.0,1852.0,243978.0,1557.4942626953125
2014-12-29,1858.0,1825.0,1849.0,1858.0,104623.0,1562.5404052734375
2014-12-30,1872.0,1835.0,1835.0,1849.0,219426.0,1554.9715576171875
2015-01-02,1884.0,1822.0,1822.0,1861.0,427436.0,1565.063232421875
2015-01-05,1872.0,1816.0,1863.0,1839.0,398012.0,1546.561767578125
2015-01-06,1851.0,1798.0,1828.0,1820.0,291130.0,1530.583251953125
2015-01-07,1845.6800537109375,1810.0,1829.0,1842.0,247210.0,1549.084716796875
2015-01-08,1950.0,1846.0,1846.0,1950.0,421841.0,1639.91064453125
2015-01-09,1999.0,1929.0,1953.0,1953.0,450778.0,1642.4334716796875
2015-01-12,2000.0,1936.0,1950.0,1950.0,293185.0,1639.91064453125
2015-01-13,2000.0,1924.0,1924.0,2000.0,269660.0,1681.959228515625
2015-01-14,2005.0,1943.0,1970.0,2002.0,621528.0,1683.641357421875
2015-01-15,2070.0,1997.0,2001.0,2065.0,398848.0,1736.623291015625
2015-01-16,2060.0,1991.0,2040.0,2029.0,473592.0,1706.347900390625
2015-01-19,2041.0,1997.0,2020.0,2041.0,315750.0,1716.4398193359375
2015-01-20,2067.0,2025.0,2048.0,2035.0,496096.0,1711.393798828125
2015-01-21,2048.0,2013.0,2032.0,2036.0,546494.0,1712.2347412109375
2015-01-22,2096.0,2036.0,2048.0,2085.0,707851.0,1753.4427490234375
2015-01-23,2174.0,2083.0,2083.0,2158.0,514202.0,1814.8341064453125
2015-01-26,2232.0,2095.0,2095.0,2224.0,573628.0,1870.339111328125
2015-01-27,2243.080078125,2138.0,2194.0,2152.0,433851.0,1809.7884521484375
2015-01-28,2189.0,2092.0,2189.0,2176.0,380628.0,1829.9720458984375
2015-01-29,2195.0,2125.0,2148.0,2191.0,400829.0,1842.5869140625
2015-01-30,2236.0,2156.0,2183.0,2165.0,491368.0,1820.72119140625
2015-02-02,2215.0,2136.0,2161.0,2210.0,396100.0,1858.565185546875
2015-02-03,2239.0,2176.0,2215.0,2191.0,350071.0,1842.5869140625
2015-02-04,2212.0,2143.0,2180.0,2159.0,174348.0,1815.6751708984375
2015-02-05,2224.0,2156.0,2158.0,2220.0,366863.0,1866.97509765625
2015-02-06,2226.0,2185.0,2210.0,2216.0,756005.0,1863.6112060546875
2015-02-09,2249.0,2174.0,2200.0,2203.0,262474.0,1852.6785888671875
2015-02-10,2296.0,2203.0,2203.0,2249.0,497761.0,1891.36328125
2015-02-11,2315.0,2223.0,2265.0,2310.0,489604.0,1942.6627197265625
2015-02-12,2431.0,2315.0,2317.0,2411.0,611609.0,2027.6019287109375
2015-02-13,2469.0,2388.0,2403.0,2459.0,491208.0,2067.96923828125
2015-02-16,2470.0,2398.0,2435.0,2410.0,723570.0,2026.760986328125
2015-02-17,2418.0,2376.0,2390.0,2386.0,1011493.0,2006.5775146484375
2015-02-18,2408.0,2369.0,2385.0,2377.0,469777.0,1999.0086669921875
2015-02-19,2399.0,2375.0,2388.0,2390.0,485817.0,2009.94140625
2015-02-20,2399.0,2343.0,2399.0,2350.0,372121.0,1976.3021240234375
2015-02-23,2400.0,2332.0,2346.0,2400.0,461006.0,2018.3514404296875
2015-02-24,2445.0,2369.0,2375.0,2426.0,379095.0,2040.216796875
2015-02-25,2499.0,2408.0,2408.0,2443.0,243997.0,2054.513916015625
2015-02-26,2502.0,2430.0,2465.0,2499.0,227857.0,2101.608154296875
2015-02-27,2520.0,2484.050048828125,2500.0,2505.0,246303.0,2106.654296875
2015-03-02,2539.949951171875,2465.0,2490.0,2480.0,291308.0,2085.630126953125
2015-03-03,2492.0,2432.0,2475.0,2443.0,302654.0,2054.513916015625
2015-03-04,2459.0,2400.0,2425.0,2440.0,269748.0,2051.990966796875
2015-03-05,2540.0,2421.0,2421.0,2533.0,174130.0,2130.201416015625
2015-03-06,2605.0,2511.0,2511.0,2591.0,408245.0,2178.978515625
2015-03-09,2589.0,2535.0,2560.0,2582.0,317618.0,2171.409423828125
2015-03-10,2579.0,2510.0,2557.0,2524.0,346639.0,2122.632568359375
2015-03-11,2624.0,2515.0,2520.0,2612.0,492307.0,2196.638916015625
2015-03-12,2647.0,2601.0,2630.0,2624.0,454151.0,2206.73095703125
2015-03-13,2687.0,2610.0,2629.0,2675.0,370321.0,2249.62109375
2015-03-16,2765.0,2684.0,2694.0,2724.0,360620.0,2290.828857421875
2015-03-17,2729.0,2609.0,2704.0,2648.0,441039.0,2226.914306640625
2015-03-18,2673.0,2589.0,2650.0,2650.0,383325.0,2228.59619140625
2015-03-19,2667.0,2611.0,2660.0,2644.0,272177.0,2223.550537109375
2015-03-20,2668.0,2611.0,2653.0,2620.0,163961.0,2203.366943359375
2015-03-23,2615.469970703125,2543.0,2589.0,2599.0,203250.0,2185.70654296875
2015-03-24,2680.0,2569.0,2601.0,2670.0,288438.0,2245.416015625
2015-03-25,2707.0,2583.0,2644.0,2595.0,243715.0,2182.3427734375
2015-03-26,2581.0,2487.0,2562.0,2531.0,437424.0,2128.51953125
2015-03-27,2597.0,2533.0,2558.0,2576.0,242891.0,2166.36376953125
2015-03-30,2675.0,2600.0,2600.0,2675.0,353909.0,2249.62109375
2015-03-31,2711.0,2602.0,2665.0,2625.0,205003.0,2207.57177734375
2015-04-01,2725.0,2596.0,2610.0,2692.0,334398.0,2263.917236328125
2015-04-02,2766.0,2650.0,2650.0,2734.0,590161.0,2299.23876953125
2015-04-07,2966.0,2722.0,2722.0,2895.0,2064735.0,2434.63623046875
2015-04-08,3031.0,2873.0,2992.0,2934.0,2001024.0,2467.434326171875
2015-04-09,2951.0,2853.5,2936.0,2900.0,1620389.0,2472.5498046875
2015-04-10,2927.5,2690.0,2925.0,2870.0,3006837.0,2446.972412109375
2015-04-13,2992.0,2899.0,2955.0,2940.0,3915274.0,2506.654296875
2015-04-14,2971.0,2716.199951171875,2940.0,2968.0,1178438.0,2530.527099609375
2015-04-15,2970.0,2839.0,2960.0,2883.0,767424.0,2458.055908203125
2015-04-16,2873.0,2807.0,2850.0,2834.0,410737.0,2416.278076171875
2015-04-17,2910.0,2819.0,2834.0,2896.0,763775.0,2469.139892578125
2015-04-20,2913.0,2852.0,2885.0,2864.0,258335.0,2441.856689453125
2015-04-21,2894.0,2835.0,2894.0,2843.0,389880.0,2423.95166015625
2015-04-22,2863.0,2799.0,2845.0,2805.0,416536.0,2391.552490234375
2015-04-23,2847.0,2756.0,2820.0,2805.0,309283.0,2391.552490234375
2015-04-24,2836.0,2801.0,2807.0,2834.0,175273.0,2416.278076171875
2015-04-27,2918.0,2825.0,2850.0,2894.0,301971.0,2467.4345703125
2015-04-28,2900.0,2802.0,2869.0,2810.0,331284.0,2395.815673828125
2015-04-29,2834.0,2649.0,2822.0,2676.0,620547.0,2281.56689453125
2015-04-30,2770.0,2653.0,2670.0,2740.0,585502.0,2336.133544921875
2015-05-01,2739.0,2641.0,2660.0,2710.0,237457.0,2310.5556640625
2015-05-05,2797.0,2713.0,2720.0,2731.0,741572.0,2328.460205078125
2015-05-06,2733.0,2603.0,2725.0,2616.0,523051.0,2230.4111328125
2015-05-07,2707.0,2581.0,2619.0,2699.0,427503.0,2301.17724609375
2015-05-08,2800.0,2700.0,2700.0,2785.0,612148.0,2374.500732421875
2015-05-11,2821.0,2722.0,2821.0,2742.0,204631.0,2337.8388671875
2015-05-12,2734.0,2673.0,2730.0,2681.0,312668.0,2285.830078125
2015-05-13,2754.0,2688.0,2703.0,2724.0,423683.0,2322.491943359375
2015-05-14,2796.0,2707.0,2725.0,2779.0,235064.0,2369.385009765625
2015-05-15,2831.0,2762.0,2780.0,2796.0,170321.0,2383.87890625
2015-05-18,2820.0,2757.0,2780.0,2764.0,152881.0,2356.595947265625
2015-05-19,2867.0,2755.0,2762.0,2857.0,282254.0,2435.88818359375
2015-05-20,2907.0,2785.419921875,2854.0,2903.0,207537.0,2475.107421875
2015-05-21,2895.0,2839.0,2895.0,2848.0,279724.0,2428.214599609375
2015-05-22,2874.0,2829.0,2850.0,2845.0,138730.0,2425.656982421875
2015-05-26,2943.0,2832.0,2910.0,2836.0,324768.0,2417.9833984375
2015-05-27,2909.0,2792.0,2873.0,2805.0,492778.0,2391.552490234375
2015-05-28,2806.0,2769.0,2800.0,2791.0,324657.0,2379.6162109375
2015-05-29,2791.0,2677.0,2770.0,2684.0,444230.0,2288.387451171875
2015-06-01,2754.0,2675.0,2740.0,2720.0,265836.0,2319.081298828125
2015-06-02,2790.0,2672.0,2750.0,2681.0,299870.0,2285.830078125
2015-06-03,2690.0,2607.0,2670.0,2647.0,690613.0,2256.84130859375
2015-06-04,2664.0,2606.0,2650.0,2664.0,424831.0,2271.3359375
2015-06-05,2656.0,2581.0,2650.0,2610.0,341634.0,2225.295166015625
2015-06-08,2636.0,2532.0,2636.0,2550.0,298335.0,2174.138671875
2015-06-09,2604.0,2535.0,2550.0,2575.0,288349.0,2195.4541015625
2015-06-10,2626.0,2556.0,2556.0,2623.0,277877.0,2236.37890625
2015-06-11,2694.0,2613.0,2615.0,2648.0,290461.0,2257.694091796875
2015-06-12,2684.0,2602.0,2622.0,2642.0,208933.0,2252.578369140625
2015-06-15,2640.0,2598.0,2600.0,2606.0,250138.0,2221.884765625
2015-06-16,2665.0,2557.0,2585.0,2647.0,604022.0,2256.84130859375
2015-06-17,2706.0,2650.0,2650.0,2675.0,388783.0,2280.714599609375
2015-06-18,2700.0,2614.0,2679.0,2663.0,222661.0,2270.483154296875
2015-06-19,2726.0,2666.0,2694.0,2666.0,165584.0,2273.040771484375
2015-06-22,2740.0,2672.0,2740.0,2685.0,320729.0,2289.240478515625
2015-06-23,2723.0,2666.0,2720.0,2666.0,249297.0,2273.040771484375
2015-06-24,2675.0,2624.0,2669.0,2635.0,771148.0,2246.610107421875
2015-06-25,2653.0,2619.0,2625.0,2630.0,208163.0,2242.34716796875
2015-06-26,2650.0,2609.0,2609.0,2645.0,126025.0,2255.13623046875
2015-06-29,2603.0,2496.0,2540.0,2515.0,581553.0,2144.297607421875
2015-06-30,2518.0,2454.0,2500.0,2454.0,357499.0,2092.2890625
2015-07-01,2514.0,2463.0,2505.0,2491.0,584092.0,2123.835205078125
2015-07-02,2541.0,2474.0,2513.0,2522.0,415995.0,2150.265869140625
2015-07-03,2586.0,2500.0,2535.0,2575.0,414678.0,2195.4541015625
2015-07-06,2567.0,2523.0,2532.0,2537.0,112577.0,2163.055419921875
2015-07-07,2571.0,2516.0,2522.0,2540.0,296965.0,2165.61279296875
2015-07-08,2562.0,2484.0,2540.0,2487.0,288365.0,2120.42529296875
2015-07-09,2549.0,2489.340087890625,2500.0,2497.0,297237.0,2128.95068359375
2015-07-10,2625.0,2513.0,2525.0,2611.0,341354.0,2226.14794921875
2015-07-13,2665.0,2634.0,2643.0,2651.0,182820.0,2260.251708984375
2015-07-14,2684.0,2640.0,2642.0,2673.0,119323.0,2279.009033203125
2015-07-15,2770.0,2651.0,2651.0,2759.0,368299.0,2352.3330078125
2015-07-16,2880.0,2752.0,2752.0,2803.0,276579.0,2389.84765625
2015-07-17,2881.5,2768.0,2799.0,2788.0,121680.0,2377.058837890625
2015-07-20,2827.0,2773.0,2800.0,2790.0,177306.0,2378.763671875
2015-07-21,2822.0,2775.0,2822.0,2797.0,190381.0,2384.732177734375
2015-07-22,2798.0,2753.0,2772.0,2780.0,803403.0,2370.23779296875
2015-07-23,2830.0,2752.719970703125,2785.0,2824.0,453621.0,2407.752197265625
2015-07-24,2823.0,2760.0,2805.0,2793.0,293207.0,2381.3212890625
2015-07-27,2769.0,2670.0,2769.0,2685.0,182404.0,2289.240478515625
2015-07-28,2708.0,2639.0,2680.0,2675.0,378591.0,2280.714599609375
2015-07-29,2762.0,2701.0,2730.0,2740.0,669566.0,2336.133544921875
2015-07-30,2775.0,2658.0,2658.0,2744.0,376683.0,2339.544189453125
2015-07-31,2755.0,2727.0,2755.0,2739.0,865034.0,2335.28076171875
2015-08-03,2761.0,2727.0,2745.0,2743.0,317897.0,2338.69140625
2015-08-04,2751.0,2719.0,2719.0,2744.0,261082.0,2339.544189453125
2015-08-05,2775.0,2740.0,2750.0,2771.0,691847.0,2362.564453125
2015-08-06,2788.0,2768.0,2770.0,2768.0,724854.0,2360.00634765625
2015-08-07,2777.0,2752.0,2775.0,2775.0,452896.0,2365.974853515625
2015-08-10,2789.0,2750.0,2764.0,2778.0,171585.0,2368.53271484375
2015-08-11,2793.0400390625,2710.0,2759.0,2710.0,201344.0,2310.5556640625
2015-08-12,2754.27001953125,2586.0,2750.0,2590.0,500662.0,2208.242919921875
2015-08-13,2709.0,2606.050048828125,2641.0,2699.0,276087.0,2301.17724609375
2015-08-14,2733.0,2697.0,2700.0,2724.0,248074.0,2322.491943359375
2015-08-17,2789.0,2719.0,2724.0,2741.0,256088.0,2336.985595703125
2015-08-18,2780.0,2712.0,2712.0,2778.0,165801.0,2368.53271484375
2015-08-19,2798.0,2745.0,2773.0,2783.0,219496.0,2372.795654296875
2015-08-20,2785.0,2695.0,2785.0,2713.0,387470.0,2313.113525390625
2015-08-21,2700.0,2600.0,2700.0,2604.0,303494.0,2220.179443359375
2015-08-24,2575.0,2391.0,2478.0,2450.0,401383.0,2088.87841796875
2015-08-25,2552.0,2440.0,2440.0,2525.0,267699.0,2152.823974609375
2015-08-26,2531.0,2446.0,2510.0,2446.0,367325.0,2085.46826171875
2015-08-27,2602.0,2508.0,2521.0,2586.0,276426.0,2204.83251953125
2015-08-28,2639.0,2570.0,2601.0,2614.0,178981.0,2228.70556640625
2015-09-01,2636.5,2503.0,2625.0,2530.0,249350.0,2157.086669921875
2015-09-02,2555.0,2486.0,2520.0,2497.0,611176.0,2128.95068359375
2015-09-03,2660.0,2525.0,2538.0,2641.0,399759.0,2251.7255859375
2015-09-04,2655.0,2575.0,2600.0,2575.0,279945.0,2195.4541015625
2015-09-07,2657.0,2576.0,2585.0,2650.0,142720.0,2259.3994140625
2015-09-08,2670.0,2626.0,2646.0,2642.0,146402.0,2252.578369140625
2015-09-09,2710.0,2643.0,2670.0,2653.0,178830.0,2261.95703125
2015-09-10,2670.0,2621.0,2670.0,2658.0,204866.0,2266.219970703125
2015-09-11,2702.0,2638.0,2681.0,2687.0,314325.0,2290.945556640625
2015-09-14,2731.0,2662.0,2662.0,2708.0,308471.0,2308.850341796875
2015-09-15,2723.0,2662.0,2685.0,2665.0,365708.0,2272.1884765625
2015-09-16,2729.0,2630.0,2705.0,2649.0,358061.0,2258.546875
2015-09-17,2663.0,2593.0,2663.0,2615.0,441467.0,2229.558349609375
2015-09-18,2600.0,2550.0,2600.0,2580.0,370855.0,2199.717041015625
2015-09-21,2624.0,2540.0,2540.0,2606.0,416292.0,2221.884765625
2015-09-22,2616.0,2483.0,2616.0,2525.0,281320.0,2152.823974609375
2015-09-23,2545.0,2480.0,2500.0,2524.0,341034.0,2151.970703125
2015-09-24,2571.0,2443.0,2520.0,2454.0,441901.0,2092.2890625
2015-09-25,2529.0,2480.0,2480.0,2504.0,266697.0,2134.9189453125
2015-09-28,2513.0,2452.0,2496.0,2470.0,246423.0,2105.9306640625
2015-09-29,2470.0,2404.0,2450.0,2404.0,398821.0,2049.65869140625
2015-09-30,2460.0,2395.0,2436.0,2401.0,403540.0,2047.1009521484375
2015-10-01,2420.0,2326.0,2420.0,2334.0,601672.0,2006.6922607421875
2015-10-02,2385.5,2297.0,2355.0,2339.0,857699.0,2010.9908447265625
2015-10-05,2381.0,2352.0,2362.0,2368.0,257619.0,2035.9241943359375
2015-10-06,2473.0,2356.0,2374.0,2457.0,545918.0,2112.443115234375
2015-10-07,2484.0,2401.0,2466.0,2420.0,546396.0,2080.631591796875
2015-10-08,2444.0,2396.0,2410.0,2423.0,182838.0,2083.211181640625
2015-10-09,2468.0,2420.0,2435.0,2423.0,222989.0,2083.211181640625
2015-10-12,2450.0,2397.0,2408.0,2423.0,354796.0,2083.211181640625
2015-10-13,2435.1201171875,2367.0,2428.0,2375.0,211622.0,2041.9425048828125
2015-10-14,2373.5,2306.0,2360.0,2338.0,199564.0,2010.131103515625
2015-10-15,2396.0,2333.0,2340.0,2371.0,277657.0,2038.50341796875
2015-10-16,2422.0,2389.0,2400.0,2405.0,388313.0,2067.735107421875
2015-10-19,2446.0,2386.0,2439.0,2430.0,584114.0,2089.2294921875
2015-10-20,2460.0,2416.5,2420.0,2440.0,313500.0,2097.8271484375
2015-10-21,2490.0,2435.0,2443.0,2484.0,371081.0,2135.65673828125
2015-10-22,2486.0,2431.0,2463.0,2468.0,455500.0,2121.900390625
2015-10-23,2575.0,2475.0,2490.0,2570.0,326801.0,2209.5966796875
2015-10-26,2579.0,2531.0,2553.0,2535.0,473046.0,2179.5048828125
2015-10-27,2569.0,2522.0,2566.0,2522.0,299117.0,2168.32763671875
2015-10-28,2625.0,2529.0,2553.0,2618.0,316453.0,2250.865234375
2015-10-29,2632.0,2583.0,2592.0,2586.0,247895.0,2223.352783203125
2015-10-30,2610.0,2572.0,2610.0,2600.0,145478.0,2235.389892578125
2015-11-02,2630.0,2583.0,2610.0,2620.0,291724.0,2252.5849609375
2015-11-03,2635.0,2524.47998046875,2635.0,2526.0,383783.0,2171.766845703125
2015-11-04,2589.0,2462.0,2510.0,2569.0,667730.0,2208.73681640625
2015-11-05,2645.0,2550.0,2550.0,2605.0,192516.0,2239.6884765625
2015-11-06,2650.0,2589.0,2600.0,2635.0,301250.0,2265.481201171875
2015-11-09,2648.0,2620.0,2630.0,2620.0,279379.0,2252.5849609375
2015-11-10,2641.0,2555.0,2629.0,2596.0,258143.0,2231.95068359375
2015-11-11,2639.0,2569.0,2601.0,2572.0,305120.0,2211.31591796875
2015-11-12,2589.0,2482.0,2570.0,2497.0,370648.0,2146.833740234375
2015-11-13,2525.0,2474.0,2490.0,2513.0,500042.0,2160.58984375
2015-11-16,2539.0,2454.0,2454.0,2530.0,276221.0,2175.205810546875
2015-11-17,2589.0,2527.0,2553.0,2552.0,180746.0,2194.12060546875
2015-11-18,2570.0,2518.0,2553.0,2562.0,169054.0,2202.718505859375
2015-11-19,2615.0,2531.0,2562.0,2560.0,294580.0,2200.9990234375
2015-11-20,2581.0,2500.0,2581.0,2503.0,189083.0,2151.9921875
2015-11-23,2532.0,2471.0,2499.0,2480.0,436626.0,2132.218017578125
2015-11-24,2486.0,2412.0,2486.0,2463.0,381196.0,2117.6015625
2015-11-25,2491.0,2403.0,2447.0,2460.0,214262.0,2115.022216796875
2015-11-26,2533.0,2458.0,2471.0,2511.0,288184.0,2158.87060546875
2015-11-27,2543.0,2491.0,2521.0,2516.0,240014.0,2163.16943359375
2015-11-30,2596.0,2507.0,2531.0,2590.0,295497.0,2226.7919921875
2015-12-01,2645.0,2588.0,2588.0,2611.0,279050.0,2244.847412109375
2015-12-02,2642.0,2600.0,2628.0,2629.0,241971.0,2260.32275390625
2015-12-03,2648.0,2537.0,2637.0,2547.0,384073.0,2189.822265625
2015-12-04,2566.0,2490.0,2535.0,2521.0,319766.0,2167.468505859375
2015-12-07,2567.0,2477.0,2556.0,2484.0,349672.0,2135.65673828125
2015-12-08,2467.0,2371.0,2455.0,2375.0,495882.0,2041.9425048828125
2015-12-09,2389.0,2334.0,2371.0,2335.0,496267.0,2007.5518798828125
2015-12-10,2368.0,2326.0,2333.0,2343.0,244890.0,2014.4296875
2015-12-11,2341.0,2305.0,2320.0,2324.0,299083.0,1998.0943603515625
2015-12-14,2357.0,2303.0,2303.0,2303.0,200097.0,1980.0394287109375
2015-12-15,2344.0,2292.0,2324.0,2315.0,219508.0,1990.3563232421875
2015-12-16,2364.0,2306.0,2306.0,2349.0,148169.0,2019.588623046875
2015-12-17,2441.0,2378.0,2392.0,2410.0,195642.0,2072.033935546875
2015-12-18,2415.0,2373.0,2415.0,2400.0,186984.0,2063.4365234375
2015-12-21,2420.0,2354.0,2377.0,2354.0,171377.0,2023.88720703125
2015-12-22,2372.0,2285.0,2355.0,2299.0,438960.0,1976.6002197265625
2015-12-23,2343.75,2319.0,2343.0,2327.0,107342.0,2000.6739501953125
2015-12-29,2375.0,2318.0,2346.0,2365.0,194245.0,2033.3443603515625
2015-12-30,2371.0,2334.0,2371.0,2359.0,89487.0,2028.186279296875
2016-01-04,2360.0,2286.0,2346.0,2339.0,257057.0,2010.9908447265625
2016-01-05,2374.0,2305.0,2305.0,2357.0,525000.0,2026.4664306640625
2016-01-06,2380.0,2280.0,2350.0,2280.0,243458.0,1960.2647705078125
2016-01-07,2290.0,2205.0,2285.0,2272.0,580587.0,1953.38671875
2016-01-08,2341.0,2250.0,2250.0,2264.0,625302.0,1946.5086669921875
2016-01-11,2377.0,2242.0,2274.0,2349.0,436161.0,2019.588623046875
2016-01-12,2393.0,2343.0,2343.0,2379.0,356235.0,2045.38134765625
2016-01-13,2400.0,2326.75,2392.0,2330.0,253359.0,2003.2529296875
2016-01-14,2352.0,2244.0,2352.0,2273.0,390667.0,1954.2464599609375
2016-01-15,2336.0,2210.0,2241.0,2258.0,462639.0,1941.349853515625
2016-01-18,2266.0,2212.0,2230.0,2228.0,273833.0,1915.556884765625
2016-01-19,2293.0,2230.0,2230.0,2258.0,389126.0,1941.349853515625
2016-01-20,2216.0,2128.0,2206.0,2128.0,431702.0,1829.5804443359375
2016-01-21,2173.0,2114.0,2161.0,2136.0,442926.0,1836.4583740234375
2016-01-22,2223.0,2155.0,2170.0,2190.0,406513.0,1882.8857421875
2016-01-25,2233.0,2173.0,2180.0,2175.0,441200.0,1869.9896240234375
2016-01-26,2142.0,2067.0,2112.0,2086.0,379009.0,1793.4703369140625
2016-01-27,2105.0,2074.0,2086.0,2088.0,128563.0,1795.18994140625
2016-01-28,2087.0,1988.0,2050.0,1989.0,335174.0,1710.072998046875
2016-01-29,2063.0,1977.0,2063.0,2000.0,475470.0,1719.5303955078125
2016-02-01,2040.0,2001.0,2005.0,2015.0,333301.0,1732.4268798828125
2016-02-02,2024.0,1979.0,1981.0,1993.0,250970.0,1713.511962890625
2016-02-03,2006.0,1965.0,1969.0,1985.0,528273.0,1706.634033203125
2016-02-04,2006.0,1942.0,1980.0,1957.0,199509.0,1682.5606689453125
2016-02-05,2015.0,1957.0,1960.0,1982.0,285368.0,1704.0546875
2016-02-08,2018.0,1890.0,2018.0,1890.0,475204.0,1624.956298828125
2016-02-09,1971.0,1824.0,1920.0,1830.0,636564.0,1573.3704833984375
2016-02-10,2112.0,1879.0,1879.0,2043.0,1159100.0,1756.50048828125
2016-02-11,2058.0,1940.0,2050.0,2026.0,701867.0,1741.8843994140625
2016-02-12,2125.0,1994.0,1994.0,2121.0,579837.0,1823.56201171875
2016-02-15,2195.0,2100.0,2100.0,2187.0,299861.0,1880.306396484375
2016-02-16,2220.0,2183.0,2185.0,2219.0,564484.0,1907.819091796875
2016-02-17,2279.0,2205.0,2205.0,2249.0,414016.0,1933.6119384765625
2016-02-18,2282.0,2238.0,2247.0,2265.0,221397.0,1947.36865234375
2016-02-19,2282.5,2211.0,2267.0,2240.0,198375.0,1925.874267578125
2016-02-22,2290.0,2171.0,2242.0,2167.0,428877.0,1863.1112060546875
2016-02-23,2182.0,2122.0,2180.0,2123.0,213137.0,1825.28173828125
2016-02-24,2127.5,2074.0,2114.0,2091.0,164136.0,1797.76904296875
2016-02-25,2127.5,2097.0,2118.0,2112.0,290637.0,1815.82421875
2016-02-26,2148.0,2116.0,2122.0,2135.0,184956.0,1835.5987548828125
2016-02-29,2166.0,2112.0,2124.0,2134.0,368577.0,1834.7388916015625
2016-03-01,1727.0,1630.0,1630.0,1701.0,401494.0,1462.4605712890625
2016-03-02,1722.0,1654.0,1654.0,1707.0,158703.0,1467.6192626953125
2016-03-03,1728.0,1675.0,1695.0,1692.0,109363.0,1454.72265625
2016-03-04,1745.0,1690.0,1690.0,1726.0,157664.0,1483.954833984375
2016-03-07,1742.0,1710.0,1731.0,1716.0,39325.0,1475.3570556640625
2016-03-08,1756.0,1697.0,1697.0,1739.0,503701.0,1495.1317138671875
2016-03-09,1788.050048828125,1741.0,1741.0,1785.0,260354.0,1534.6807861328125
2016-03-10,1808.0,1750.7099609375,1768.0,1782.0,180862.0,1532.1016845703125
2016-03-11,1826.050048828125,1776.0,1803.0,1808.0,254726.0,1554.45556640625
2016-03-14,1825.1800537109375,1778.6700439453125,1806.0,1786.0,103724.0,1535.540771484375
2016-03-15,1784.0,1753.3900146484375,1776.0,1776.0,48130.0,1526.943115234375
2016-03-16,1813.0,1768.0,1768.0,1774.0,327189.0,1525.2235107421875
2016-03-17,1795.0,1736.0,1775.0,1771.0,132953.0,1522.6441650390625
2016-03-18,1802.0,1711.0,1765.0,1716.0,237602.0,1475.3570556640625
2016-03-21,1771.0,1705.0,1705.0,1727.0,257172.0,1484.8145751953125
2016-03-22,1750.0,1709.52001953125,1750.0,1727.0,65843.0,1484.8145751953125
2016-03-23,1785.0,1727.0,1727.0,1774.0,107896.0,1525.2235107421875
2016-03-24,1802.3399658203125,1785.0,1798.0,1798.0,457343.0,1545.8577880859375
2016-03-29,1818.0,1755.0,1818.0,1795.0,243175.0,1543.278564453125
2016-03-30,1799.6500244140625,1765.27001953125,1783.0,1794.0,218966.0,1542.4188232421875
2016-03-31,1808.0,1772.0,1788.0,1795.0,127450.0,1543.278564453125
2016-04-01,1794.0,1766.0,1766.0,1784.0,316050.0,1533.821044921875
2016-04-04,1816.0,1766.0,1790.0,1768.0,77702.0,1520.06494140625
2016-04-05,1786.0,1745.0,1751.0,1767.0,82243.0,1519.2052001953125
2016-04-06,1814.0,1763.0,1766.0,1797.0,293836.0,1544.9981689453125
2016-04-07,1822.0,1784.0,1784.0,1805.0,133273.0,1551.8760986328125
2016-04-08,1882.0,1810.0,1816.0,1873.0,286721.0,1610.34033203125
2016-04-11,1901.449951171875,1859.0,1864.0,1874.0,129071.0,1611.199951171875
2016-04-12,1884.3699951171875,1853.0,1876.0,1867.0,219222.0,1605.1817626953125
2016-04-13,1948.0,1870.0,1870.0,1939.0,176171.0,1667.084716796875
2016-04-14,1915.0,1873.0,1873.0,1910.0,136298.0,1683.8349609375
2016-04-15,1927.760009765625,1888.9599609375,1912.0,1903.0,114985.0,1677.663818359375
2016-04-18,1914.0,1882.0,1882.0,1884.0,107791.0,1660.913330078125
2016-04-19,1929.0,1873.0,1929.0,1883.0,293896.0,1660.031982421875
2016-04-20,1890.0,1839.0,1890.0,1850.0,296580.0,1630.9395751953125
2016-04-21,1845.0,1801.0,1842.0,1801.0,284264.0,1587.7418212890625
2016-04-22,1859.1400146484375,1788.0799560546875,1789.0,1844.0,702845.0,1625.650146484375
2016-04-25,1864.0,1833.0,1834.0,1864.0,526778.0,1643.2818603515625
2016-04-26,1866.0,1820.0,1866.0,1829.0,305346.0,1612.42626953125
2016-04-27,1838.0,1804.25,1833.0,1812.0,194372.0,1597.4393310546875
2016-04-28,1812.0,1769.0,1801.0,1803.0,122798.0,1589.5047607421875
2016-04-29,1820.0,1788.0,1811.0,1812.0,153416.0,1597.4393310546875
2016-05-03,1817.0,1756.3800048828125,1775.0,1794.0,204195.0,1581.570556640625
2016-05-04,1811.0,1771.1400146484375,1772.0,1800.0,244357.0,1586.860107421875
2016-05-05,1832.0,1780.0899658203125,1800.0,1822.0,249569.0,1606.2550048828125
2016-05-06,1889.0,1803.0,1803.0,1875.0,332282.0,1652.9793701171875
2016-05-09,1899.0,1865.0,1865.0,1887.0,162254.0,1663.5584716796875
2016-05-10,1904.2099609375,1845.0,1891.0,1869.0,215245.0,1647.6898193359375
2016-05-11,1875.0,1840.0,1851.0,1875.0,231083.0,1652.9793701171875
2016-05-12,1914.0,1853.0,1870.0,1892.0,432642.0,1667.9661865234375
2016-05-13,1904.0,1873.0,1873.0,1904.0,115219.0,1678.5452880859375
2016-05-16,1916.0,1890.0,1901.0,1908.0,174435.0,1682.07177734375
2016-05-17,1926.0,1889.0,1926.0,1903.0,319496.0,1677.663818359375
2016-05-18,1904.0,1843.0,1904.0,1868.0,443800.0,1646.808349609375
2016-05-19,1865.0,1814.0,1864.0,1837.0,405723.0,1619.478759765625
2016-05-20,1873.0,1832.0,1832.0,1870.0,350320.0,1648.5714111328125
2016-05-23,1872.0,1855.0,1860.0,1863.0,187595.0,1642.400390625
2016-05-24,1902.489990234375,1837.0,1870.0,1880.0,350716.0,1657.38720703125
2016-05-25,1904.7900390625,1873.0,1891.0,1880.0,292423.0,1657.38720703125
2016-05-26,1896.0,1873.969970703125,1885.0,1882.0,325600.0,1659.1505126953125
2016-05-27,1914.0,1850.0,1850.0,1914.0,350123.0,1687.361328125
2016-05-31,1915.0,1866.6700439453125,1915.0,1893.0,273030.0,1668.8477783203125
2016-06-01,1899.0,1854.0,1855.0,1890.0,290196.0,1666.203125
2016-06-02,1911.0,1848.0,1848.0,1897.0,536206.0,1672.3743896484375
2016-06-03,1922.0,1864.06005859375,1918.0,1896.0,1613005.0,1671.492919921875
2016-06-06,1927.0,1881.0,1881.0,1921.0,363491.0,1693.5323486328125
2016-06-07,1935.0,1856.0,1905.0,1871.0,534838.0,1649.452880859375
2016-06-08,1878.0,1825.8399658203125,1878.0,1838.0,744237.0,1620.3604736328125
2016-06-09,1836.3399658203125,1802.0,1828.0,1823.0,309644.0,1607.13671875
2016-06-10,1830.0,1792.219970703125,1830.0,1798.0,717286.0,1585.096923828125
2016-06-13,1813.0,1765.2900390625,1775.0,1784.0,477192.0,1572.754638671875
2016-06-14,1790.0,1686.0,1784.0,1709.0,825057.0,1506.635498046875
2016-06-15,1750.300048828125,1704.0,1704.0,1734.0,521704.0,1528.67529296875
2016-06-16,1733.0,1704.0,1712.0,1733.0,724796.0,1527.793701171875
2016-06-17,1770.0,1724.0,1728.0,1751.0,15293402.0,1543.6622314453125
2016-06-20,1802.68994140625,1747.3800048828125,1767.0,1760.0,433954.0,1551.5966796875
2016-06-21,1758.0,1717.0,1742.0,1744.0,529595.0,1537.4912109375
2016-06-22,1756.219970703125,1713.0,1713.0,1740.0,624563.0,1533.9647216796875
2016-06-23,1785.0,1747.0,1761.0,1784.0,309250.0,1572.754638671875
2016-06-24,1711.0,1503.9300537109375,1624.0,1665.0,1553877.0,1467.845703125
2016-06-27,1677.5699462890625,1543.4200439453125,1665.0,1584.0,750937.0,1396.4368896484375
2016-06-28,1653.18994140625,1593.0,1625.0,1636.0,782448.0,1442.279541015625
2016-06-29,1649.0,1614.0,1649.0,1637.0,653156.0,1443.1610107421875
2016-06-30,1656.0,1621.0,1638.0,1651.0,502704.0,1455.50341796875
2016-07-01,1773.0,1628.0,1660.0,1762.0,614423.0,1553.35986328125
2016-07-04,1777.0,1703.0,1756.0,1720.0,298568.0,1516.3331298828125
2016-07-05,1729.0,1680.3599853515625,1717.0,1713.0,405347.0,1510.1619873046875
2016-07-06,1732.0,1641.1700439453125,1682.0,1662.0,558577.0,1465.2008056640625
2016-07-07,1689.9000244140625,1643.0,1643.0,1660.0,359630.0,1463.4376220703125
2016-07-08,1699.0,1640.0,1640.0,1669.0,191395.0,1471.3719482421875
2016-07-11,1721.0,1691.5400390625,1699.0,1700.0,283531.0,1498.701171875
2016-07-12,1716.0,1672.0,1695.0,1674.0,322641.0,1475.77978515625
2016-07-13,1715.0,1609.050048828125,1672.0,1707.0,552770.0,1504.8724365234375
2016-07-14,1744.02001953125,1698.0,1720.0,1722.0,180938.0,1518.09619140625
2016-07-15,1729.0,1694.0,1729.0,1712.0,161211.0,1509.2803955078125
2016-07-18,1776.0,1684.0,1684.0,1758.0,454194.0,1549.8333740234375
2016-07-19,1797.0,1719.969970703125,1764.0,1789.0,480187.0,1577.1627197265625
2016-07-20,1840.010009765625,1777.0,1777.0,1795.0,318562.0,1582.4521484375
2016-07-21,1822.0,1778.0,1793.0,1807.0,286458.0,1593.03125
2016-07-22,1859.0,1797.0,1828.0,1830.0,322243.0,1613.307861328125
2016-07-25,1846.0,1801.0,1814.0,1824.0,188516.0,1608.018310546875
2016-07-26,1861.0,1823.0,1840.0,1851.0,680616.0,1631.8211669921875
2016-07-27,1834.530029296875,1777.0,1816.0,1790.0,373686.0,1578.044189453125
2016-07-28,1818.8499755859375,1738.0,1773.0,1741.0,382826.0,1534.8463134765625
2016-07-29,1762.0,1719.0,1735.0,1755.0,442346.0,1547.188720703125
2016-08-01,1787.0,1738.0,1738.0,1741.0,330373.0,1534.8463134765625
2016-08-02,1743.0,1708.0,1733.0,1726.0,195654.0,1521.62255859375
2016-08-03,1731.0,1680.5999755859375,1694.0,1683.0,322448.0,1483.7142333984375
2016-08-04,1711.0,1677.3900146484375,1687.0,1694.0,362645.0,1493.4117431640625
2016-08-05,1741.0,1692.0,1692.0,1735.0,351442.0,1529.5570068359375
2016-08-08,1797.0,1714.4599609375,1769.0,1786.0,240611.0,1574.5179443359375
2016-08-09,1831.0,1768.0,1768.0,1828.0,120747.0,1611.5445556640625
2016-08-10,1827.0,1795.969970703125,1802.0,1815.0,180862.0,1600.083984375
2016-08-11,1851.0,1787.0,1818.0,1851.0,299790.0,1631.8211669921875
2016-08-12,1867.0,1809.0,1809.0,1842.0,283001.0,1623.886962890625
2016-08-15,1866.0,1835.0,1844.0,1853.0,72947.0,1633.5843505859375
2016-08-16,1869.0,1832.0,1837.0,1834.0,320470.0,1616.8341064453125
2016-08-17,1847.0,1807.050048828125,1823.0,1818.0,204177.0,1602.7286376953125
2016-08-18,1841.0,1805.0,1805.0,1816.0,256705.0,1600.965576171875
2016-08-19,1822.0,1805.260009765625,1807.0,1811.0,153979.0,1596.5576171875
2016-08-22,1830.0,1783.0,1802.0,1792.0,114407.0,1579.8074951171875
2016-08-23,1817.75,1783.0,1788.0,1806.0,285277.0,1592.149658203125
2016-08-24,1849.68994140625,1783.0,1783.0,1827.0,331154.0,1610.6629638671875
2016-08-25,1882.0,1836.0999755859375,1852.0,1882.0,463256.0,1659.1505126953125
2016-08-26,1950.3800048828125,1878.0,1878.0,1949.0,357915.0,1718.2169189453125
2016-08-30,1946.0,1913.0,1943.0,1924.0,630816.0,1696.1771240234375
2016-08-31,1920.0,1877.0,1920.0,1885.0,341902.0,1661.795166015625
2016-09-01,1941.800048828125,1882.0,1896.0,1915.0,489126.0,1688.2427978515625
2016-09-02,1962.510009765625,1903.0,1935.0,1948.0,443039.0,1717.3353271484375
2016-09-05,1972.0,1943.0,1951.0,1960.0,442517.0,1727.914306640625
2016-09-06,2020.0,1944.0,1998.0,1959.0,349910.0,1727.03271484375
2016-09-07,1977.0,1935.4300537109375,1977.0,1954.0,297242.0,1722.6248779296875
2016-09-08,1977.0,1948.6099853515625,1958.0,1964.0,275908.0,1731.440673828125
2016-09-09,1960.0,1918.0,1953.0,1925.0,236647.0,1697.058837890625
2016-09-12,1924.0,1863.0,1899.0,1871.0,190273.0,1649.452880859375
2016-09-13,1902.0,1858.949951171875,1873.0,1880.0,239978.0,1657.38720703125
2016-09-14,1921.0,1860.0,1921.0,1860.0,223761.0,1639.75537109375
2016-09-15,1876.0,1839.0,1876.0,1870.0,260329.0,1648.5714111328125
2016-09-16,1876.0,1822.4000244140625,1876.0,1849.0,929932.0,1630.05810546875
2016-09-19,1875.0,1842.0,1875.0,1859.0,251541.0,1638.873779296875
2016-09-20,1910.0,1843.0,1910.0,1877.0,174863.0,1654.7425537109375
2016-09-21,1897.0,1863.0,1892.0,1888.0,281476.0,1664.43994140625
2016-09-22,1915.0,1829.0,1912.0,1836.0,806404.0,1618.5972900390625
2016-09-23,1887.6500244140625,1762.0,1835.0,1804.0,1164341.0,1590.3863525390625
2016-09-26,1805.8499755859375,1765.5400390625,1805.0,1772.0,276684.0,1562.175537109375
2016-09-27,1757.0,1707.0,1755.0,1729.0,1327445.0,1524.2672119140625
2016-09-28,1736.0,1704.0,1725.0,1725.0,538285.0,1520.740966796875
2016-09-29,1740.0,1697.0,1715.0,1709.0,377573.0,1526.0986328125
2016-09-30,1727.0,1664.0,1700.0,1718.0,423249.0,1534.1356201171875
2016-10-03,1740.0,1695.0,1711.0,1720.0,430681.0,1535.921630859375
2016-10-04,1749.0,1708.0,1738.0,1708.0,1028429.0,1525.2059326171875
2016-10-05,1744.0,1680.0,1689.0,1744.0,652232.0,1557.3529052734375
2016-10-06,1760.0,1730.9200439453125,1750.0,1753.0,813342.0,1565.3897705078125
2016-10-07,1801.0,1743.0400390625,1773.0,1772.0,347545.0,1582.3564453125
2016-10-10,1838.0,1784.0,1807.0,1825.0,671958.0,1629.684326171875
2016-10-11,1861.0,1827.0,1829.0,1846.0,585874.0,1648.436767578125
2016-10-12,1873.0,1796.0,1873.0,1806.0,359461.0,1612.7176513671875
2016-10-13,1794.0,1763.0,1789.0,1781.0,338169.0,1590.393310546875
2016-10-14,1815.0,1787.0,1787.0,1791.0,256094.0,1599.3228759765625
2016-10-17,1807.0,1768.0,1769.0,1781.0,493546.0,1590.393310546875
2016-10-18,1842.469970703125,1780.0,1780.0,1812.0,288484.0,1618.075439453125
2016-10-19,1847.0,1805.0,1809.0,1847.0,330420.0,1649.32958984375
2016-10-20,1860.0,1817.550048828125,1824.0,1826.0,213738.0,1630.5772705078125
2016-10-21,1865.0,1818.0,1818.0,1843.0,237476.0,1645.7579345703125
2016-10-24,1863.0,1801.0,1837.0,1804.0,289831.0,1610.931640625
2016-10-25,1830.0,1779.0,1809.0,1800.0,374528.0,1607.35986328125
2016-10-26,1812.969970703125,1759.0,1805.0,1785.0,227744.0,1593.9652099609375
2016-10-27,1822.0,1779.3699951171875,1790.0,1787.0,365951.0,1595.7510986328125
2016-10-28,1807.0,1762.0400390625,1778.0,1800.0,725787.0,1607.35986328125
2016-10-31,1823.0,1770.1600341796875,1772.0,1795.0,650323.0,1602.8948974609375
2016-11-01,1793.449951171875,1748.6300048828125,1772.0,1760.0,619721.0,1571.640625
2016-11-02,1876.0,1759.219970703125,1776.0,1872.0,1675011.0,1671.6541748046875
2016-11-03,1922.449951171875,1836.0,1864.0,1857.0,521943.0,1658.259521484375
2016-11-04,1849.0,1805.0,1846.0,1805.0,345366.0,1611.8245849609375
2016-11-07,1844.0,1803.969970703125,1804.0,1815.0,317117.0,1620.7542724609375
2016-11-08,1829.0,1800.0,1804.0,1812.0,302338.0,1618.075439453125
2016-11-09,1807.93994140625,1731.0,1781.0,1738.0,1264486.0,1551.9952392578125
2016-11-10,1811.3800048828125,1745.0,1745.0,1794.0,500491.0,1602.0018310546875
2016-11-11,1797.0,1746.0,1797.0,1775.0,456569.0,1585.035400390625
2016-11-14,1808.3699951171875,1743.0,1768.0,1744.0,165491.0,1557.3529052734375
2016-11-15,1763.0,1732.6600341796875,1747.0,1762.0,335310.0,1573.426513671875
2016-11-16,1800.0,1753.0,1760.0,1774.0,390504.0,1584.1424560546875
2016-11-17,1770.0,1719.0,1763.0,1747.0,320964.0,1560.0318603515625
2016-11-18,1796.0,1722.0,1722.0,1792.0,333416.0,1600.2159423828125
2016-11-21,1807.0,1766.0,1807.0,1776.0,175680.0,1585.92822265625
2016-11-22,1806.0,1775.2900390625,1783.0,1786.0,821015.0,1594.858154296875
2016-11-23,1819.0,1786.0,1786.0,1803.0,215952.0,1610.0386962890625
2016-11-24,1807.0,1775.0,1801.0,1797.0,156652.0,1604.6807861328125
2016-11-25,1806.0,1781.43994140625,1795.0,1796.0,134631.0,1603.7877197265625
2016-11-28,1793.0,1756.719970703125,1774.0,1784.0,489112.0,1593.0721435546875
2016-11-29,1826.0,1777.0,1777.0,1800.0,652364.0,1607.35986328125
2016-11-30,1853.0,1793.5999755859375,1827.0,1817.0,642272.0,1622.5404052734375
2016-12-01,1843.4000244140625,1774.0,1827.0,1795.0,468720.0,1602.8948974609375
2016-12-02,1792.0,1751.0,1779.0,1756.0,213173.0,1568.0687255859375
2016-12-05,1795.550048828125,1742.0,1755.0,1769.0,309509.0,1579.6773681640625
2016-12-06,1775.0,1753.0,1775.0,1760.0,265940.0,1571.640625
2016-12-07,1806.5,1765.010009765625,1798.0,1803.0,1316663.0,1610.0386962890625
2016-12-08,1897.3900146484375,1792.0,1800.0,1877.0,420867.0,1676.1190185546875
2016-12-09,1889.0,1810.0,1884.0,1835.0,417425.0,1638.614013671875
2016-12-12,1872.0,1816.0,1872.0,1830.0,249326.0,1634.1490478515625
2016-12-13,1872.0,1812.0,1872.0,1833.0,324432.0,1636.828125
2016-12-14,1847.0,1794.0,1847.0,1802.0,348948.0,1609.145751953125
2016-12-15,1839.3900146484375,1794.0,1800.0,1828.0,580525.0,1632.3631591796875
2016-12-16,1867.0,1807.31005859375,1854.0,1864.0,5801967.0,1664.510498046875
2016-12-19,1908.0,1850.0,1870.0,1882.0,1008158.0,1680.5841064453125
2016-12-20,1898.0,1869.0,1886.0,1889.0,418160.0,1686.8349609375
2016-12-21,1895.0,1873.0,1894.0,1895.0,217929.0,1692.192626953125
2016-12-22,1894.0,1871.1500244140625,1885.0,1891.0,155019.0,1688.6207275390625
2016-12-23,1895.0,1876.0,1888.0,1878.0,117419.0,1677.0120849609375
2016-12-28,1914.0,1892.0,1914.0,1899.0,228660.0,1695.7645263671875
2016-12-29,1908.0,1881.0,1908.0,1888.0,117014.0,1685.9417724609375
2016-12-30,1913.0,1864.0,1913.0,1884.0,173271.0,1682.369873046875
2017-01-03,1923.219970703125,1868.93994140625,1875.0,1896.0,228050.0,1693.085693359375
2017-01-04,1920.0,1885.0,1906.0,1920.0,397700.0,1714.51708984375
2017-01-05,1996.0,1915.0,1930.0,1973.0,733153.0,1761.8448486328125
2017-01-06,2002.0,1970.0,1970.0,1990.0,444438.0,1777.0255126953125
2017-01-09,2038.0,1965.489990234375,1984.0,2025.0,393000.0,1808.27978515625
2017-01-10,2103.0,2014.0,2014.0,2103.0,784008.0,1877.9320068359375
2017-01-11,2092.0,2054.0,2091.0,2075.0,516173.0,1852.9285888671875
2017-01-12,2158.0,2074.0,2096.0,2153.0,936568.0,1922.5810546875
2017-01-13,2160.0,2113.0,2160.0,2129.0,323611.0,1901.1492919921875
2017-01-16,2154.0,2088.860107421875,2128.0,2113.0,373410.0,1886.8616943359375
2017-01-17,2157.340087890625,2077.0,2112.0,2110.0,714475.0,1884.1827392578125
2017-01-18,2150.0,2042.8299560546875,2150.0,2060.0,840531.0,1839.5338134765625
2017-01-19,2130.0,2040.0,2049.0,2089.0,1661154.0,1865.43017578125
2017-01-20,2186.0,2064.0,2105.0,2181.0,944398.0,1947.583984375
2017-01-23,2211.7099609375,2167.389892578125,2178.0,2190.0,839635.0,1955.6209716796875
2017-01-24,2196.0,2149.0,2195.0,2166.0,822693.0,1934.189697265625
2017-01-25,2186.0,2158.0,2175.0,2163.0,929244.0,1931.5107421875
2017-01-26,2170.0,2045.0,2170.0,2056.0,1130517.0,1835.9620361328125
2017-01-27,2111.0,2054.0,2078.0,2105.0,468249.0,1879.7178955078125
2017-01-30,2116.0,2068.0,2114.0,2071.0,307580.0,1849.356689453125
2017-01-31,2117.0,2061.0,2061.0,2081.0,306441.0,1858.2864990234375
2017-02-01,2110.0,2059.0,2103.0,2068.0,368073.0,1846.677734375
2017-02-02,2162.0,2055.0,2057.0,2162.0,581550.0,1930.617431640625
2017-02-03,2166.0,2131.0,2156.0,2145.0,376087.0,1915.4368896484375
2017-02-06,2158.0,2128.0,2131.0,2130.0,315332.0,1902.04248046875
2017-02-07,2190.0,2123.0,2160.0,2144.0,1077163.0,1914.5443115234375
2017-02-08,2208.669921875,2149.0,2153.0,2160.0,916628.0,1928.831787109375
2017-02-09,2176.47998046875,2079.0,2173.0,2125.0,819686.0,1897.577392578125
2017-02-10,2138.0,2108.669921875,2138.0,2115.0,455896.0,1888.647705078125
2017-02-13,2139.0,2115.0,2129.0,2130.0,544679.0,1902.04248046875
2017-02-14,2161.0,2111.0,2140.0,2137.0,679674.0,1908.29345703125
2017-02-15,2173.0,2136.760009765625,2160.0,2159.0,762528.0,1927.938720703125
2017-02-16,2206.0,2153.0,2153.0,2203.0,617245.0,1967.22998046875
2017-02-17,2245.0,2186.0,2197.0,2237.0,678096.0,1997.5909423828125
2017-02-20,2255.169921875,2226.27001953125,2250.0,2246.0,254073.0,2005.6278076171875
2017-02-21,2260.0,2206.0,2260.0,2216.0,259667.0,1978.83837890625
2017-02-22,2216.0,2155.60009765625,2206.0,2170.0,292704.0,1937.7615966796875
2017-02-23,2181.0,2127.0,2170.0,2127.0,561637.0,1899.3636474609375
2017-02-24,2138.0,2089.0,2138.0,2119.0,692931.0,1892.2196044921875
2017-02-27,2152.0,2116.0,2144.0,2139.0,359613.0,1910.0791015625
2017-02-28,2158.0,2126.0,2128.0,2146.0,273647.0,1916.3302001953125
2017-03-01,2208.0,2125.0,2139.0,2186.0,456925.0,1952.0491943359375
2017-03-02,2232.0,2165.9599609375,2232.0,2169.0,361814.0,1936.868408203125
2017-03-03,2179.080078125,2135.7099609375,2169.0,2170.0,306789.0,1937.7615966796875
2017-03-06,2200.0,2171.60009765625,2176.0,2197.0,300587.0,1961.871826171875
2017-03-07,2231.050048828125,2196.0,2210.0,2202.0,813278.0,1966.3367919921875
2017-03-08,2219.0,2184.0,2214.0,2215.0,535792.0,1977.9456787109375
2017-03-09,2227.0,2186.0,2227.0,2198.0,291516.0,1962.764892578125
2017-03-10,2236.0,2187.0,2236.0,2200.0,685237.0,1964.5509033203125
2017-03-13,2230.52001953125,2189.0,2189.0,2216.0,226011.0,1978.83837890625
2017-03-14,2231.0,2167.0,2231.0,2183.0,357521.0,1949.3701171875
2017-03-15,2205.68994140625,2164.0,2172.0,2204.0,487602.0,1968.1226806640625
2017-03-16,2254.0,2196.0,2198.0,2222.0,415582.0,1984.196533203125
2017-03-17,2243.0,2212.0,2240.0,2232.0,568209.0,1993.1263427734375
2017-03-20,2235.0,2196.0,2235.0,2204.0,220852.0,1968.1226806640625
2017-03-21,2219.06005859375,2162.0,2213.0,2162.0,205956.0,1930.617431640625
2017-03-22,2177.0,2121.0,2160.0,2175.0,269573.0,1942.226318359375
2017-03-23,2182.0,2143.0,2164.0,2155.0,257745.0,1924.3668212890625
2017-03-24,2167.0,2076.0400390625,2167.0,2087.0,314526.0,1863.6444091796875
2017-03-27,2088.0,2054.0,2080.0,2080.0,579790.0,1857.3935546875
2017-03-28,2136.0,2088.0,2100.0,2132.0,917122.0,1903.828369140625
2017-03-29,2147.0,2103.0,2140.0,2130.0,553998.0,1902.04248046875
2017-03-30,2195.7900390625,2120.0,2120.0,2177.0,438317.0,1944.012451171875
2017-03-31,2183.260009765625,2108.0,2169.0,2121.0,697574.0,1894.0054931640625
2017-04-03,2139.340087890625,2087.199951171875,2117.0,2105.0,623698.0,1879.7178955078125
2017-04-04,2142.0,2087.9599609375,2102.0,2092.0,550476.0,1868.109130859375
2017-04-05,2107.0,2044.0,2107.0,2086.0,465701.0,1862.7513427734375
2017-04-06,2090.0,2045.0,2054.0,2065.0,749964.0,1843.9989013671875
2017-04-07,2073.0,2031.0,2047.0,2057.0,811934.0,1836.85498046875
2017-04-10,2077.8701171875,2042.0,2051.0,2056.0,531933.0,1835.9620361328125
2017-04-11,2083.0,2026.0,2060.0,2042.0,961638.0,1823.4603271484375
2017-04-12,2075.0,2018.0,2050.0,2068.0,983191.0,1846.677734375
2017-04-13,2074.0,2042.0,2046.0,2066.0,315142.0,1844.8917236328125
2017-04-18,2071.840087890625,2009.0,2052.0,2025.0,651167.0,1808.27978515625
2017-04-19,2030.0,1983.0,2030.0,1988.0,873861.0,1775.2396240234375
2017-04-20,1970.0,1946.0,1970.0,1962.0,585509.0,1804.2996826171875
2017-04-21,2000.0,1951.0,1951.0,1983.0,700394.0,1823.611572265625
2017-04-24,2113.0,2008.3199462890625,2030.0,2103.0,1145340.0,1933.9664306640625
2017-04-25,2119.0,2090.0,2114.0,2105.0,669264.0,1935.8055419921875
2017-04-26,2122.0,2081.0,2122.0,2090.0,1439050.0,1922.0113525390625
2017-04-27,2098.0,2048.0,2048.0,2080.0,463745.0,1912.8150634765625
2017-04-28,2090.0,2059.280029296875,2090.0,2062.0,461010.0,1896.2618408203125
2017-05-02,2099.0,1712.699951171875,2061.0,2088.0,547202.0,1920.172119140625
2017-05-03,2114.75,2075.0,2093.0,2114.0,1618396.0,1944.082275390625
2017-05-04,2158.60009765625,2084.0,2100.0,2139.0,947400.0,1967.07275390625
2017-05-05,2200.010009765625,2148.0,2148.0,2192.0,679897.0,2015.81298828125
2017-05-08,2191.0,2161.5,2188.0,2167.0,720326.0,1992.822265625
2017-05-09,2207.5400390625,2158.679931640625,2179.0,2184.0,692975.0,2008.4559326171875
2017-05-10,2212.0,2155.0,2184.0,2188.0,568593.0,2012.1341552734375
2017-05-11,2220.0,2168.0,2181.0,2205.0,450192.0,2027.7679443359375
2017-05-12,2214.0,2174.75,2202.0,2176.0,352783.0,2001.0987548828125
2017-05-15,2208.0,2160.030029296875,2190.0,2164.0,325230.0,1990.0633544921875
2017-05-16,2178.0,2137.330078125,2159.0,2156.0,1148508.0,1982.70654296875
2017-05-17,2160.0,2094.909912109375,2158.0,2113.0,665972.0,1943.16259765625
2017-05-18,2150.0,2053.0,2150.0,2099.0,610967.0,1930.2879638671875
2017-05-19,2147.0,2097.0,2102.0,2147.0,416990.0,1974.4298095703125
2017-05-22,2175.0,2133.989990234375,2158.0,2150.0,347736.0,1977.1885986328125
2017-05-23,2167.909912109375,2140.0,2142.0,2151.0,377993.0,1978.1083984375
2017-05-24,2150.0,2127.0,2150.0,2127.0,475178.0,1956.0374755859375
2017-05-25,2165.0,2130.0,2146.0,2157.0,275070.0,1983.6259765625
2017-05-26,2182.0,2150.949951171875,2165.0,2178.0,300919.0,2002.93798828125
2017-05-30,2195.5,2165.0,2195.0,2182.0,238438.0,2006.6168212890625
2017-05-31,2206.0,2162.409912109375,2194.0,2181.0,385427.0,2005.696533203125
2017-06-01,2210.0,2169.0,2175.0,2209.0,371281.0,2031.4464111328125
2017-06-02,2239.0,2192.72998046875,2218.0,2210.0,360417.0,2032.365966796875
2017-06-05,2217.0,2180.0,2180.0,2199.0,308918.0,2022.250244140625
2017-06-06,2217.0,2186.0,2200.0,2201.0,290454.0,2024.08935546875
2017-06-07,2214.0,2181.0,2190.0,2183.0,404070.0,2007.5361328125
2017-06-08,2198.0,2165.0,2185.0,2167.0,307328.0,1992.822265625
2017-06-09,2284.0,2168.14990234375,2189.0,2276.0,803955.0,2093.06103515625
2017-06-12,2288.0,2232.0,2236.0,2278.0,401185.0,2094.900634765625
2017-06-13,2342.0,2274.0,2280.0,2324.0,641710.0,2137.202880859375
2017-06-14,2374.0,2325.0,2342.0,2366.0,799339.0,2175.826904296875
2017-06-15,2366.0,2304.0,2366.0,2330.0,624904.0,2142.720947265625
2017-06-16,2365.0,2300.0,2332.0,2300.0,1645542.0,2115.1318359375
2017-06-19,2351.0,2324.0,2328.0,2337.0,436877.0,2149.158447265625
2017-06-20,2378.0,2336.25,2337.0,2371.0,266553.0,2180.425048828125
2017-06-21,2409.300048828125,2362.0,2362.0,2406.0,229622.0,2212.6123046875
2017-06-22,2441.0,2404.0,2407.0,2419.0,136457.0,2224.56689453125
2017-06-23,2416.47998046875,2339.0,2421.0,2359.0,205200.0,2169.3896484375
2017-06-26,2382.179931640625,2333.949951171875,2392.0,2349.6201171875,417240.0,2160.763916015625
2017-06-27,2369.0,2343.719970703125,2350.0,2343.719970703125,117121.0,2155.337890625
2017-06-28,2342.0,2304.0,2356.0,2331.0,226725.0,2143.640380859375
2017-06-29,2376.0,2338.330078125,2350.0,2360.0,243325.0,2170.309326171875
2017-06-30,2402.0,2349.0,2368.0,2396.0,158896.0,2203.416015625
2017-07-03,2407.0,2375.0,2396.0,2400.0,369054.0,2207.09423828125
2017-07-04,2400.0,2360.0,2383.0,2382.0,304613.0,2190.541015625
2017-07-05,2414.0,2375.0,2375.0,2401.0,433794.0,2208.01416015625
2017-07-06,2375.0,2314.0,2372.0,2352.0,601250.0,2162.952392578125
2017-07-07,2380.0,2330.199951171875,2362.0,2380.0,744361.0,2188.701904296875
2017-07-10,2390.0,2367.06005859375,2385.0,2380.0,225845.0,2188.701904296875
2017-07-11,2394.0,2356.18994140625,2379.0,2367.0,518466.0,2176.74658203125
2017-07-12,2401.0,2356.0,2389.0,2370.0,307280.0,2179.505859375
2017-07-13,2396.0,2336.0,2365.0,2336.0,645602.0,2148.23828125
2017-07-14,2352.0,2320.0,2346.0,2322.0,504305.0,2135.363525390625
2017-07-17,2369.0,2319.0,2319.0,2351.0,420814.0,2162.032958984375
2017-07-18,2367.0,2293.699951171875,2367.0,2324.0,296469.0,2137.202880859375
2017-07-19,2337.0,2296.0,2321.0,2328.0,386286.0,2140.881591796875
2017-07-20,2376.830078125,2321.0,2321.0,2356.0,302833.0,2166.630859375
2017-07-21,2360.0,2304.72998046875,2356.0,2315.0,310467.0,2128.926513671875
2017-07-24,2313.0,2241.0,2304.0,2270.0,680066.0,2087.543212890625
2017-07-25,2289.0,2257.0,2280.0,2287.0,376696.0,2103.1767578125
2017-07-26,2324.0,2280.0,2300.0,2324.0,319351.0,2137.202880859375
2017-07-27,2344.679931640625,2307.0,2307.0,2344.0,291133.0,2155.595703125
2017-07-28,2343.0,2279.0,2330.0,2283.0,254352.0,2099.49853515625
2017-07-31,2848.52001953125,2218.0,2276.0,2250.0,709387.0,2069.150634765625
2017-08-01,2315.449951171875,2242.0,2270.0,2306.0,646432.0,2120.64990234375
2017-08-02,2352.0,2223.0,2310.0,2260.0,1164915.0,2078.346923828125
2017-08-03,2271.2900390625,2215.830078125,2253.0,2217.0,775141.0,2038.80322265625
2017-08-04,2279.0,2189.0,2221.0,2279.0,1052783.0,2095.81982421875
2017-08-07,2288.0,2234.0,2279.0,2240.0,301516.0,2059.954833984375
2017-08-08,2252.360107421875,2221.0,2247.0,2224.0,230546.0,2045.24072265625
2017-08-09,2222.0,2164.0,2222.0,2177.0,851691.0,2002.0185546875
2017-08-10,2204.0,2151.0,2185.0,2186.0,488130.0,2010.2950439453125
2017-08-11,2244.0,1691.6099853515625,2202.0,2224.0,955056.0,2045.24072265625
2017-08-14,2272.080078125,2231.0,2231.0,2268.0,457596.0,2085.7041015625
2017-08-15,2309.0,2261.8798828125,2283.0,2270.0,824724.0,2087.543212890625
2017-08-16,2299.0,2264.0,2289.0,2299.0,996072.0,2114.212646484375
2017-08-17,2325.0,2280.0,2311.0,2307.0,1136942.0,2121.5693359375
2017-08-18,2306.0,2271.0,2298.0,2284.0,768252.0,2100.418212890625
2017-08-21,2292.0,2263.0,2265.0,2286.0,177756.0,2102.257080078125
2017-08-22,2322.0,2292.0,2308.0,2319.0,417189.0,2132.604736328125
2017-08-23,2335.0,2302.699951171875,2326.0,2331.0,727711.0,2143.640380859375
2017-08-24,2357.0,2320.0,2320.0,2354.0,385611.0,2164.791748046875
2017-08-25,2373.0,2346.0,2363.0,2349.0,309751.0,2160.193603515625
2017-08-29,2338.0,2268.8701171875,2338.0,2280.0,522966.0,2096.73974609375
2017-08-30,2335.239990234375,2278.0,2286.0,2313.0,793256.0,2127.087158203125
2017-08-31,2362.0,2304.0,2314.0,2362.0,650811.0,2172.1484375
2017-09-01,2399.10009765625,2363.0,2376.0,2378.0,755452.0,2186.862548828125
2017-09-04,2391.0,2358.97998046875,2382.0,2369.0,327328.0,2178.5859375
2017-09-05,2390.0,2330.0,2362.0,2331.0,214949.0,2143.640380859375
2017-09-06,2336.0,2313.0,2336.0,2314.0,248753.0,2128.006591796875
2017-09-07,2339.14990234375,2311.0,2318.0,2334.0,320541.0,2146.399169921875
2017-09-08,2347.760009765625,2317.0,2335.0,2341.0,237645.0,2152.83642578125
2017-09-11,2358.0,2331.0,2346.0,2331.0,320855.0,2143.640380859375
2017-09-12,2397.489990234375,2337.0,2389.0,2386.0,485605.0,2194.219482421875
2017-09-13,2411.0,2377.0,2385.0,2380.0,525543.0,2188.701904296875
2017-09-14,2391.0,2331.0,2391.0,2347.0,1110774.0,2158.3544921875
2017-09-15,2360.739990234375,2320.0,2357.0,2342.0,581999.0,2153.75634765625
2017-09-18,2375.0,2345.0,2366.0,2373.0,360419.0,2182.2646484375
2017-09-19,2420.0,2370.0,2370.0,2413.0,488180.0,2219.049560546875
2017-09-20,2440.0,2394.0,2425.0,2398.0,473907.0,2205.2548828125
2017-09-21,2407.669921875,2369.0,2391.0,2369.0,261840.0,2178.5859375
2017-09-22,2372.0,2337.31005859375,2354.0,2347.0,386683.0,2158.3544921875
2017-09-25,2360.5,2331.0,2335.0,2333.0,271469.0,2145.4794921875
2017-09-26,2332.0,2312.0,2324.0,2316.0,405736.0,2129.845947265625
2017-09-27,2369.0,2314.0,2314.0,2369.0,538883.0,2178.5859375
2017-09-28,2360.0,2321.0,2340.0,2339.0,200135.0,2172.17822265625
2017-09-29,2372.0,2322.0,2337.0,2330.0,355480.0,2163.820068359375
2017-10-02,2347.0,2287.0,2318.0,2324.0,1325064.0,2158.248046875
2017-10-03,2364.0,2302.030029296875,2313.0,2356.0,362661.0,2187.965576171875
2017-10-04,2382.0,2316.0,2344.0,2382.0,704194.0,2212.111328125
2017-10-05,2403.0,1855.6500244140625,2389.0,2350.0,1051302.0,2182.3935546875
2017-10-06,2379.0,2319.1201171875,2347.0,2336.0,505597.0,2169.39208984375
2017-10-09,2345.820068359375,2291.0,2331.0,2310.0,679285.0,2145.246337890625
2017-10-10,2327.0,2277.0,2304.0,2277.0,431524.0,2114.600341796875
2017-10-11,2273.0,2198.830078125,2264.0,2210.0,1596192.0,2052.37841796875
2017-10-12,2246.0,2200.0,2210.0,2230.0,571767.0,2070.952392578125
2017-10-13,2247.909912109375,2180.0,2241.0,2180.0,608905.0,2024.518310546875
2017-10-16,2200.0,2139.39990234375,2185.0,2165.0,615811.0,2010.58837890625
2017-10-17,2177.7900390625,2145.0,2158.0,2150.0,513441.0,1996.6578369140625
2017-10-18,2174.0,2154.0,2174.0,2162.0,311894.0,2007.802001953125
2017-10-19,2243.0,2145.0,2165.0,2240.0,1202699.0,2080.239013671875
2017-10-20,2262.090087890625,2236.0,2240.0,2260.0,836388.0,2098.8125
2017-10-23,2260.0,2224.0,2255.0,2240.0,644122.0,2080.239013671875
2017-10-24,2254.0,2218.0,2218.0,2253.0,372570.0,2092.31201171875
2017-10-25,2270.989990234375,2244.0,2247.0,2257.0,481543.0,2096.026611328125
2017-10-26,2281.0,2252.0,2271.0,2272.0,474503.0,2109.95703125
2017-10-27,2275.0,2230.0,2275.0,2242.0,688746.0,2082.096435546875
2017-10-30,2283.9599609375,2239.0,2255.0,2272.0,495654.0,2109.95703125
2017-10-31,2273.0,2230.0,2260.0,2244.0,641936.0,2083.95361328125
2017-11-01,2341.5400390625,2240.0,2274.0,2308.0,823913.0,2143.389404296875
2017-11-02,2383.0,2288.0,2288.0,2381.0,855331.0,2211.1826171875
2017-11-03,2404.72998046875,2366.0,2396.0,2386.0,520304.0,2215.825927734375
2017-11-06,2401.0,2367.0,2386.0,2370.0,301063.0,2200.96728515625
2017-11-07,2383.5400390625,2324.25,2368.0,2326.0,422622.0,2160.105224609375
2017-11-08,2355.0,2322.679931640625,2331.0,2353.0,403040.0,2185.1796875
2017-11-09,2355.0,2281.0,2338.0,2283.0,236558.0,2120.172119140625
2017-11-10,2339.0,2259.0,2339.0,2265.0,392094.0,2103.455810546875
2017-11-13,2304.0,2220.639892578125,2290.0,2238.0,297925.0,2078.381591796875
2017-11-14,2254.0,2217.409912109375,2230.0,2244.0,429547.0,2083.95361328125
2017-11-15,2245.0,2193.679931640625,2245.0,2197.0,383054.0,2040.3060302734375
2017-11-16,2243.81005859375,2188.0,2195.0,2237.0,774197.0,2077.452880859375
2017-11-17,2307.0,2237.0,2237.0,2299.0,712844.0,2135.031005859375
2017-11-20,2292.0,2251.0,2278.0,2291.0,450900.0,2127.601318359375
2017-11-21,2300.0,2269.0,2279.0,2296.0,395532.0,2132.244873046875
2017-11-22,2329.0,2264.0,2264.0,2322.0,642141.0,2156.390380859375
2017-11-23,2353.0,2307.0,2316.0,2350.0,566675.0,2182.3935546875
2017-11-24,2375.0,2329.0,2336.0,2367.0,819958.0,2198.18115234375
2017-11-27,2406.0,2361.0,2366.0,2380.0,333920.0,2210.25390625
2017-11-28,2404.0,2346.0,2391.0,2404.0,553547.0,2232.54248046875
2017-11-29,2413.0,2357.0,2405.0,2360.0,536194.0,2191.680419921875
2017-11-30,2362.0,2330.0,2351.0,2354.0,336113.0,2186.108154296875
2017-12-01,2361.0,2301.0,2361.0,2301.0,543139.0,2136.888427734375
2017-12-04,2349.0,2316.0,2338.0,2319.0,248971.0,2153.6044921875
2017-12-05,2348.0,2330.0,2338.0,2330.0,511232.0,2163.820068359375
2017-12-06,2365.0,2318.0,2326.0,2330.0,557295.0,2163.820068359375
2017-12-07,2370.0,2330.0,2344.0,2356.0,461580.0,2187.965576171875
2017-12-08,2375.0,2327.0,2350.0,2375.0,522056.0,2205.61083984375
2017-12-11,2385.0,2334.0,2358.0,2334.0,341592.0,2167.534912109375
2017-12-12,2354.0,2320.0,2329.0,2351.0,380512.0,2183.322265625
2017-12-13,2357.0,2336.0,2350.0,2337.0,540521.0,2170.321044921875
2017-12-14,2411.0,2353.0,2363.0,2380.0,630889.0,2210.25390625
2017-12-15,2438.0,2368.0,2392.0,2406.0,1064027.0,2234.399658203125
2017-12-18,2468.0,2404.0,2408.0,2453.0,451262.0,2278.04736328125
2017-12-19,2478.0,2437.0,2445.0,2442.0,391447.0,2267.83203125
2017-12-20,2457.0,2425.0,2457.0,2425.0,294871.0,2252.044677734375
2017-12-21,2470.0,2424.0,2446.0,2470.0,312319.0,2293.8349609375
2017-12-22,2467.0,2446.0,2446.0,2455.0,67052.0,2279.90478515625
2017-12-27,2486.0,2461.0,2471.0,2475.0,169468.0,2298.478271484375
2017-12-28,2493.0,2466.0,2481.0,2476.0,97496.0,2299.406982421875
2017-12-29,2507.0,2465.0,2465.0,2507.0,93705.0,2328.196044921875
2018-01-02,2510.0,2456.0,2510.0,2470.0,150149.0,2293.8349609375
2018-01-03,2498.0,2460.0,2498.0,2462.0,273599.0,2286.405517578125
2018-01-04,2502.0,2462.0,2462.0,2472.0,343873.0,2295.6923828125
2018-01-05,2486.0,2462.0,2462.0,2464.0,417391.0,2288.26318359375
2018-01-08,2478.0,2414.0,2466.0,2426.0,471364.0,2252.97314453125
2018-01-09,2492.0,2428.0,2446.0,2488.0,357945.0,2310.551025390625
2018-01-10,2494.0,2468.0,2494.0,2478.0,380662.0,2301.264404296875
2018-01-11,2496.0,2470.0,2492.0,2496.0,289103.0,2317.98046875
2018-01-12,2572.0,2498.0,2504.0,2534.0,724896.0,2353.270263671875
2018-01-15,2546.0,2522.0,2538.0,2542.0,274707.0,2360.699951171875
2018-01-16,2604.0,2548.0,2560.0,2570.0,701964.0,2386.702880859375
2018-01-17,2600.0,2552.0,2600.0,2580.0,343811.0,2395.98974609375
2018-01-18,2602.0,2552.0,2602.0,2566.0,425635.0,2382.988037109375
2018-01-19,2638.0,2582.0,2604.0,2600.0,937619.0,2414.56298828125
2018-01-22,2614.0,2580.0,2596.0,2606.0,251481.0,2420.13525390625
2018-01-23,2662.0,2610.0,2646.0,2620.0,584207.0,2433.136962890625
2018-01-24,2620.0,2558.0,2620.0,2558.0,418160.0,2375.558837890625
2018-01-25,2566.0,2506.0,2552.0,2540.0,950261.0,2358.84228515625
2018-01-26,2546.0,2512.0,2540.0,2528.0,794993.0,2347.6982421875
2018-01-29,2596.0,2540.0,2546.0,2566.0,1060018.0,2382.988037109375
2018-01-30,2564.0,2508.0,2538.0,2514.0,506301.0,2334.69677734375
2018-01-31,2530.0,2472.0,2530.0,2472.0,399321.0,2295.6923828125
2018-02-01,2548.0,2474.0,2498.0,2532.0,579187.0,2351.4130859375
2018-02-02,2592.0,2516.0,2516.0,2570.0,1196168.0,2386.702880859375
2018-02-05,2578.0,2512.0,2552.0,2512.0,789207.0,2332.83935546875
2018-02-06,2506.0,2272.0,2388.0,2450.0,1345353.0,2275.261474609375
2018-02-07,2556.0,2358.0,2520.0,2444.0,2253662.0,2269.689208984375
2018-02-08,2506.0,2428.0,2440.0,2440.0,1451466.0,2265.974609375
2018-02-09,2460.0,2382.0,2420.0,2386.0,1435149.0,2215.825927734375
2018-02-12,2462.0,2398.0,2408.0,2442.0,628289.0,2267.83203125
2018-02-13,2482.0,2424.0,2446.0,2478.0,684848.0,2301.264404296875
2018-02-14,2522.0,2476.0,2486.0,2508.0,560697.0,2329.125
2018-02-15,2578.0,2522.0,2522.0,2554.0,732550.0,2371.84375
2018-02-16,2610.0,2552.0,2552.0,2610.0,662818.0,2423.849853515625
2018-02-19,2636.0,2596.0,2612.0,2604.0,617506.0,2418.278076171875
2018-02-20,2640.0,2604.0,2624.0,2640.0,1567353.0,2451.710205078125
2018-02-21,2636.0,2602.0,2616.0,2616.0,1218007.0,2429.421875
2018-02-22,2610.0,2570.0,2598.0,2596.0,642632.0,2410.848388671875
2018-02-23,2628.0,2494.0,2628.0,2496.0,642698.0,2317.98046875
2018-02-26,2520.0,2490.0,2502.0,2506.0,421424.0,2327.267578125
2018-02-27,2554.0,2500.0,2500.0,2528.0,737044.0,2347.6982421875
2018-02-28,2550.0,2498.0,2498.0,2542.0,386215.0,2360.699951171875
2018-03-01,2556.0,2484.0,2538.0,2484.0,642884.0,2306.83642578125
2018-03-02,2474.0,2426.0,2474.0,2430.0,775267.0,2256.68798828125
2018-03-05,2542.0,2450.0,2450.0,2542.0,1181725.0,2360.699951171875
2018-03-06,3142.0,2972.0,2990.0,3042.0,4016521.0,2825.0390625
2018-03-07,3254.0,3116.0,3148.0,3218.0,5256409.0,2988.486328125
2018-03-08,3224.0,3120.0,3224.0,3192.0,1504363.0,2964.3408203125
2018-03-09,3220.0,3160.0,3204.0,3220.0,1360349.0,2990.34375
2018-03-12,3208.0,3154.0,3200.0,3198.0,572135.0,2969.91259765625
2018-03-13,3206.0,3154.0,3174.0,3154.0,749500.0,2929.051025390625
2018-03-14,3172.0,3134.0,3152.0,3134.0,805748.0,2910.477294921875
2018-03-15,3164.0,3118.0,3128.0,3130.0,1138070.0,2906.7626953125
2018-03-16,3202.0,3112.0,3130.0,3158.0,1169417.0,2932.765625
2018-03-19,3170.0,3076.0,3170.0,3078.0,1043599.0,2858.47119140625
2018-03-20,3164.0,3042.0,3164.0,3042.0,1047742.0,2825.0390625
2018-03-21,3048.0,2956.0,3042.0,2994.0,1567895.0,2780.46240234375
2018-03-22,3036.0,2970.0,2980.0,3036.0,1284381.0,2819.466796875
2018-03-23,3060.0,2962.0,2990.0,3058.0,1225077.0,2839.8974609375
2018-03-26,3000.0,2908.0,3000.0,2932.0,1744810.0,2722.884033203125
2018-03-27,3038.0,2952.0,2952.0,2990.0,778065.0,2776.74755859375
2018-03-28,2984.0,2896.0,2952.0,2928.0,851579.0,2719.169677734375
2018-03-29,2944.0,2868.0,2914.0,2882.0,677046.0,2676.450439453125
2018-04-03,2938.0,2820.0,2820.0,2928.0,305437.0,2719.169677734375
2018-04-04,3002.0,2900.0,2910.0,3002.0,669009.0,2787.891845703125
2018-04-05,3068.0,3004.0,3010.0,3048.0,519665.0,2830.61083984375
2018-04-06,3078.0,3032.0,3032.0,3058.0,571993.0,2839.8974609375
2018-04-09,3068.0,2998.0,3050.0,3012.0,397750.0,2797.1787109375
2018-04-10,3016.0,2986.0,3016.0,2988.0,312837.0,2774.890380859375
2018-04-11,3008.0,2956.0,2956.0,2972.0,414450.0,2760.03125
2018-04-12,2954.0,2902.0,2912.0,2954.0,634667.0,2804.173095703125
2018-04-13,3014.0,2940.0,2942.0,2982.0,778436.0,2830.752685546875
2018-04-16,3096.0,3004.0,3004.0,3072.0,1044851.0,2916.18798828125
2018-04-17,3100.0,3030.0,3100.0,3076.0,384358.0,2919.985107421875
2018-04-18,3218.0,3072.0,3088.0,3150.0,749871.0,2990.231689453125
2018-04-19,3188.0,3104.0,3154.0,3188.0,467753.0,3026.304443359375
2018-04-20,3206.0,3122.0,3172.0,3136.0,432734.0,2976.941650390625
2018-04-23,3140.0,3100.0,3140.0,3108.0,509985.0,2950.36181640625
2018-04-24,3142.0,3088.0,3136.0,3098.0,579793.0,2940.869140625
2018-04-25,3074.0,2998.0,3070.0,3010.0,476064.0,2857.33251953125
2018-04-26,3102.0,3002.0,3032.0,3054.0,808333.0,2899.100830078125
2018-04-27,3098.0,2986.0,3078.0,3098.0,785428.0,2940.869140625
2018-04-30,3124.0,3090.0,3094.0,3094.0,262307.0,2937.072021484375
2018-05-01,3152.0,3070.0,3106.0,3094.0,172730.0,2937.072021484375
2018-05-02,3136.0,3086.0,3104.0,3098.0,444510.0,2940.869140625
2018-05-03,3106.0,2994.0,3072.0,3022.0,982956.0,2868.7236328125
2018-05-04,3104.0,2998.0,3034.0,3048.0,985529.0,2893.405029296875
2018-05-08,3090.0,3032.0,3040.0,3088.0,395176.0,2931.376220703125
2018-05-09,3100.0,3062.0,3062.0,3092.0,382742.0,2935.173583984375
2018-05-10,3144.0,3070.0,3090.0,3138.0,475292.0,2978.84033203125
2018-05-11,3158.0,3112.0,3130.0,3112.0,262998.0,2954.158935546875
2018-05-14,3136.0,3100.0,3112.0,3122.0,612026.0,2963.65185546875
2018-05-15,3162.0,3108.0,3124.0,3108.0,540096.0,2950.36181640625
2018-05-16,3150.0,2898.0,3100.0,2950.0,2437625.0,2800.375732421875
2018-05-17,2980.0,2938.0,2970.0,2966.0,1234421.0,2815.564208984375
2018-05-18,3052.0,2946.0,3024.0,2968.0,512508.0,2817.462890625
2018-05-21,3018.0,2984.0,3016.0,3000.0,500781.0,2847.839599609375
2018-05-22,3042.0,3000.0,3026.0,3038.0,508340.0,2883.912353515625
2018-05-23,3064.0,2988.0,3056.0,3024.0,489191.0,2870.622314453125
2018-05-24,3088.0,3000.0,3052.0,3000.0,1117437.0,2847.839599609375
2018-05-25,3114.0,3004.0,3024.0,3108.0,1306239.0,2950.36181640625
2018-05-29,3184.0,3108.0,3150.0,3126.0,716100.0,2967.448974609375
2018-05-30,3166.0,3098.0,3132.0,3106.0,529426.0,2948.463623046875
2018-05-31,3156.0,3046.0,3082.0,3084.0,4607061.0,2927.5791015625
2018-06-01,3138.0,3082.0,3096.0,3102.0,443123.0,2944.66650390625
2018-06-04,3162.0,2868.0,3162.0,2880.0,2501894.0,2733.92626953125
2018-06-05,2990.0,2686.0,2922.0,2920.0,4622623.0,2771.897216796875
2018-06-06,3058.0,2874.0,2874.0,2936.0,1820193.0,2787.085693359375
2018-06-07,2938.0,2900.0,2926.0,2916.0,779630.0,2768.100341796875
2018-06-08,2962.0,2872.0,2912.0,2962.0,397750.0,2811.766845703125
2018-06-11,2990.0,2940.0,2958.0,2984.0,1269031.0,2832.651123046875
2018-06-12,3032.0,2914.0,2984.0,2928.0,807990.0,2779.49169921875
2018-06-13,2970.0,2916.0,2916.0,2956.0,878997.0,2806.071533203125
2018-06-14,3072.0,2924.0,2932.0,3052.0,1815329.0,2897.2021484375
2018-06-15,3104.0,3022.0,3026.0,3082.0,1575386.0,2925.680419921875
2018-06-18,3090.0,3044.0,3090.0,3062.0,412109.0,2906.695068359375
2018-06-19,3068.0,3008.0,3066.0,3030.0,538615.0,2876.318115234375
2018-06-20,3102.0,3036.0,3072.0,3092.0,564194.0,2935.173583984375
2018-06-21,3100.0,3024.0,3098.0,3040.0,337907.0,2885.81103515625
2018-06-22,3076.0,3042.0,3062.0,3066.0,217140.0,2910.4921875
2018-06-25,3080.0,3004.0,3068.0,3014.0,377244.0,2861.129638671875
2018-06-26,3062.0,2994.0,3030.0,3026.0,502379.0,2872.52099609375
2018-06-27,3054.0,3000.0,3026.0,3038.0,492108.0,2883.912353515625
2018-06-28,3040.0,3006.0,3020.0,3020.0,355389.0,2866.8251953125
2018-06-29,3118.0,3034.0,3040.0,3066.0,399843.0,2910.4921875
2018-07-02,3064.0,2992.0,3036.0,3050.0,309275.0,2895.3037109375
2018-07-03,3094.0,3060.0,3080.0,3072.0,510348.0,2916.18798828125
2018-07-04,3082.0,3034.0,3048.0,3052.0,613701.0,2897.2021484375
2018-07-05,3088.0,3044.0,3044.0,3080.0,240502.0,2923.7822265625
2018-07-06,3098.0,3070.0,3094.0,3094.0,221954.0,2937.072021484375
2018-07-09,3150.0,3090.0,3090.0,3136.0,395917.0,2976.941650390625
2018-07-10,3176.0,3122.0,3122.0,3164.0,411742.0,3003.521728515625
2018-07-11,3166.0,3098.0,3122.0,3164.0,468876.0,3003.521728515625
2018-07-12,3172.0,3128.0,3172.0,3130.0,336871.0,2971.246337890625
2018-07-13,3184.0,3128.0,3158.0,3146.0,303682.0,2986.4345703125
2018-07-16,3158.0,3126.0,3152.0,3140.659912109375,289010.0,2981.365478515625
2018-07-17,3164.0,3118.0,3124.0,3156.0,171734.0,2995.927490234375
2018-07-18,3182.0,3112.0,3182.0,3126.0,243902.0,2967.448974609375
2018-07-19,3132.0,3078.0,3112.0,3078.0,376791.0,2921.883544921875
2018-07-20,3098.0,3038.0,3064.0,3062.0,459294.0,2906.695068359375
2018-07-23,3054.0,3022.0,3024.0,3050.0,466080.0,2895.3037109375
2018-07-24,3110.0,3042.0,3060.0,3044.0,600524.0,2889.60791015625
2018-07-25,3088.0,3036.0,3052.0,3072.0,489633.0,2916.18798828125
2018-07-26,3130.0,3074.0,3074.0,3088.0,240323.0,2931.376220703125
2018-07-27,3118.0,3074.0,3092.0,3076.0,465110.0,2919.985107421875
2018-07-30,3124.0,3048.0,3056.0,3124.0,342773.0,2965.550537109375
2018-07-31,3150.0,3110.0,3124.0,3130.0,547848.0,2971.246337890625
2018-08-01,3258.0,3130.0,3148.0,3216.0,667966.0,3052.88427734375
2018-08-02,3228.0,3144.0,3170.0,3154.0,527769.0,2994.029052734375
2018-08-03,3238.0,3156.0,3156.0,3214.0,594737.0,3050.985595703125
2018-08-06,3274.0,3206.0,3234.0,3262.0,470137.0,3096.551025390625
2018-08-07,3282.0,3210.0,3276.0,3232.0,463996.0,3068.072509765625
2018-08-08,3286.0,3216.0,3216.0,3260.0,336116.0,3094.65234375
2018-08-09,3306.0,3266.0,3280.0,3288.0,267083.0,3121.232177734375
2018-08-10,3292.0,3258.0,3292.0,3258.0,430236.0,3092.75390625
2018-08-13,3278.0,3242.0,3246.0,3278.0,378565.0,3111.73974609375
2018-08-14,3284.0,3218.0,3284.0,3218.0,415721.0,3054.782958984375
2018-08-15,3250.0,3114.0,3250.0,3126.0,405453.0,2967.448974609375
2018-08-16,3224.0,3142.0,3146.0,3202.0,250743.0,3039.59423828125
2018-08-17,3220.0,3144.0,3166.0,3190.0,246309.0,3028.203125
2018-08-20,3236.0,3194.0,3200.0,3220.0,324503.0,3056.681396484375
2018-08-21,3246.0,3190.0,3194.0,3230.0,367850.0,3066.174072265625
2018-08-22,3254.0,3212.0,3216.0,3224.0,240332.0,3060.478271484375
2018-08-23,3280.0,3206.0,3238.0,3258.0,339576.0,3092.75390625
2018-08-24,3286.0,3246.0,3280.0,3270.0,347183.0,3104.145263671875
2018-08-28,3304.0,3268.0,3272.0,3292.0,480210.0,3125.029541015625
2018-08-29,3300.0,3230.0,3300.0,3236.0,312040.0,3071.86962890625
2018-08-30,3242.0,3162.0,3242.0,3168.0,486689.0,3007.31884765625
2018-08-31,3200.0,3128.0,3160.0,3130.0,345796.0,2971.246337890625
2018-09-03,3246.0,3138.0,3152.0,3230.0,234146.0,3066.174072265625
2018-09-04,3250.0,3192.0,3250.0,3200.0,309033.0,3037.695556640625
2018-09-05,3242.0,3180.0,3212.0,3192.0,400065.0,3030.1015625
2018-09-06,3218.0,3152.0,3192.0,3194.0,346591.0,3031.999755859375
2018-09-07,3206.0,3164.0,3194.0,3190.0,551751.0,3028.203125
2018-09-10,3204.0,3128.0,3204.0,3148.0,287580.0,2988.3330078125
2018-09-11,3184.0,3134.0,3140.0,3160.0,219097.0,2999.724609375
2018-09-12,3176.0,3128.0,3154.0,3128.0,439108.0,2969.34765625
2018-09-13,3144.0,3088.0,3122.0,3088.0,339833.0,2931.376220703125
2018-09-14,3100.0,3028.0,3086.0,3058.0,285983.0,2902.897705078125
2018-09-17,3132.0,3024.0,3050.0,3124.0,479888.0,2965.550537109375
2018-09-18,3162.0,3102.0,3108.0,3160.0,401641.0,2999.724609375
2018-09-19,3176.0,3134.0,3150.0,3150.0,232363.0,2990.231689453125
2018-09-20,3156.0,3106.0,3146.0,3152.0,286035.0,2992.13037109375
2018-09-21,3200.0,3132.0,3132.0,3154.0,672118.0,2994.029052734375
2018-09-24,3158.0,3128.0,3142.0,3132.0,225536.0,2973.144775390625
2018-09-25,3138.0,3060.0,3126.0,3060.0,513420.0,2904.79638671875
2018-09-26,3074.0,2952.0,3068.0,3006.0,782269.0,2853.53564453125
2018-09-27,3046.0,2976.0,2994.0,3046.0,344856.0,2916.1474609375
2018-09-28,3052.0,2992.0,3052.0,3038.0,443908.0,2908.488525390625
2018-10-01,3082.0,3014.0,3026.0,3020.0,367854.0,2891.255615234375
2018-10-02,3010.0,2980.0,3002.0,2992.0,540726.0,2864.449462890625
2018-10-03,2998.0,2948.0,2988.0,2980.0,464365.0,2852.961181640625
2018-10-04,2994.0,2786.0,2980.0,2786.0,1121198.0,2667.231201171875
2018-10-05,2830.0,2780.0,2788.0,2816.0,896336.0,2695.952392578125
2018-10-08,2870.0,2792.0,2798.0,2860.0,421462.0,2738.07666015625
2018-10-09,2872.0,2712.0,2852.0,2736.0,1329277.0,2619.36279296875
2018-10-10,2720.0,2544.0,2720.0,2580.0,1193741.0,2470.013427734375
2018-10-11,2596.0,2504.0,2580.0,2504.0,996085.0,2397.253173828125
2018-10-12,2568.0,2492.0,2520.0,2498.0,800444.0,2391.5087890625
2018-10-15,2538.0,2494.0,2494.0,2516.0,518553.0,2408.74169921875
2018-10-16,2584.0,2490.0,2500.0,2584.0,803500.0,2473.842529296875
2018-10-17,2618.0,2580.0,2584.0,2614.0,703319.0,2502.563720703125
2018-10-18,2638.0,2544.0,2624.0,2544.0,395508.0,2435.548095703125
2018-10-19,2568.0,2474.0,2562.0,2480.0,347521.0,2374.2763671875
2018-10-22,2582.0,2474.0,2474.0,2518.0,529519.0,2410.656494140625
2018-10-23,2542.0,2482.0,2516.0,2522.0,1125439.0,2414.48583984375
2018-10-24,2552.0,2394.0,2534.0,2424.0,571801.0,2320.66357421875
2018-10-25,2540.0,2360.0,2400.0,2512.0,598931.0,2404.912109375
2018-10-26,2524.0,2408.0,2498.0,2524.0,526426.0,2416.400390625
2018-10-29,2592.0,2510.0,2520.0,2558.0,559493.0,2448.951171875
2018-10-30,2568.0,2472.0,2552.0,2552.0,546727.0,2443.20703125
2018-10-31,2692.0,2536.0,2600.0,2566.0,852621.0,2456.610107421875
2018-11-01,2608.0,2428.0,2548.0,2468.0,792481.0,2362.787841796875
2018-11-02,2606.0,2530.0,2530.0,2568.0,619784.0,2458.52490234375
2018-11-05,2560.0,2472.0,2548.0,2490.0,306024.0,2383.85009765625
2018-11-06,2534.0,2486.0,2506.0,2500.0,359703.0,2393.423583984375
2018-11-07,2546.0,2466.0,2536.0,2512.0,334486.0,2404.912109375
2018-11-08,2512.0,2452.0,2504.0,2466.0,380365.0,2360.873046875
2018-11-09,2448.0,2328.0,2420.0,2356.0,455854.0,2255.5625
2018-11-12,2392.0,2268.0,2392.0,2314.0,805244.0,2215.35302734375
2018-11-13,2344.0,2196.0,2300.0,2240.0,677056.0,2144.507568359375
2018-11-14,2336.0,2162.0,2228.0,2310.0,667193.0,2211.5234375
2018-11-15,2342.0,2242.0,2308.0,2254.0,462710.0,2157.910888671875
2018-11-16,2326.0,2238.0,2274.0,2302.0,448214.0,2203.864501953125
2018-11-19,2344.0,2226.0,2310.0,2226.0,514224.0,2131.1044921875
2018-11-20,2276.0,2122.0,2202.0,2172.0,860312.0,2079.40673828125
2018-11-21,2290.0,2184.0,2194.0,2290.0,476864.0,2192.3759765625
2018-11-22,2258.0,2118.0,2250.0,2152.0,464076.0,2060.259033203125
2018-11-23,2180.0,2122.0,2122.0,2180.0,262508.0,2087.0654296875
2018-11-26,2230.0,2156.0,2200.0,2182.0,445973.0,2088.980224609375
2018-11-27,2198.0,2154.0,2188.0,2192.0,614794.0,2098.553955078125
2018-11-28,2222.0,2108.0,2222.0,2164.0,468146.0,2071.74755859375
2018-11-29,2244.0,2120.0,2180.0,2130.0,668387.0,2039.197021484375
2018-11-30,2166.0,2090.0,2128.0,2126.0,821248.0,2035.367431640625
2018-12-03,2224.0,2158.0,2158.0,2220.0,814924.0,2125.3603515625
2018-12-04,2220.0,2062.0,2204.0,2108.0,747116.0,2018.134765625
2018-12-05,2096.0,2030.0,2072.0,2040.0,741296.0,1953.03369140625
2018-12-06,2030.0,1947.0,2020.0,1951.0,548636.0,1867.827880859375
2018-12-07,2020.0,1962.0,1986.0,1997.0,1243468.0,1911.8668212890625
2018-12-10,1995.0,1925.0,1995.0,1934.0,674500.0,1851.552490234375
2018-12-11,2012.0,1915.0,1943.0,1989.0,1020893.0,1904.2078857421875
2018-12-12,2120.0,1969.0,1970.0,2036.0,1503337.0,1949.2042236328125
2018-12-13,2078.0,1984.0,2044.0,2010.0,1433821.0,1924.3126220703125
2018-12-14,2024.0,1958.0,1987.0,2008.0,818487.0,1922.3978271484375
2018-12-17,2036.0,1985.0,1994.0,2002.0,647210.0,1916.6536865234375
2018-12-18,2032.0,1964.0,1998.0,2032.0,437941.0,1945.3748779296875
2018-12-19,2036.0,1940.0,2026.0,2014.0,614311.0,1928.14208984375
2018-12-20,2114.0,1972.0,1995.0,2088.0,979768.0,1998.987548828125
2018-12-21,2110.0,2036.0,2104.0,2090.0,1114797.0,2000.9022216796875
2018-12-24,2106.0,2040.0,2106.0,2086.0,89194.0,1997.07275390625
2018-12-27,2124.0,2034.0,2086.0,2058.0,345320.0,1970.266357421875
2018-12-28,2152.0,2062.0,2062.0,2084.0,396465.0,1995.157958984375
2018-12-31,2118.0,2044.0,2116.0,2082.0,165297.0,1993.2432861328125
2019-01-02,2126.0,2028.0,2084.0,2118.0,326469.0,2027.7086181640625
2019-01-03,2120.0,2076.0,2118.0,2088.0,232222.0,1998.987548828125
2019-01-04,2194.0,2062.0,2086.0,2194.0,462810.0,2100.46875
2019-01-07,2208.0,2080.0,2196.0,2080.0,711549.0,1991.3284912109375
2019-01-08,2242.0,2112.0,2112.0,2208.0,572696.0,2113.871826171875
2019-01-09,2264.0,2160.0,2196.0,2264.0,825140.0,2167.484375
2019-01-10,2262.0,2210.0,2232.0,2244.0,521245.0,2148.337158203125
2019-01-11,2276.0,2134.0,2276.0,2142.0,638706.0,2050.685546875
2019-01-14,2182.0,2136.0,2156.0,2164.0,210301.0,2071.74755859375
2019-01-15,2230.0,2172.0,2188.0,2182.0,345970.0,2088.980224609375
2019-01-16,2206.0,2152.0,2200.0,2154.0,712274.0,2062.173828125
2019-01-17,2184.0,2130.0,2142.0,2172.0,1151318.0,2079.40673828125
2019-01-18,2224.0,2174.0,2174.0,2220.0,421353.0,2125.3603515625
2019-01-21,2242.0,2160.0,2206.0,2166.0,201187.0,2073.662353515625
2019-01-22,2174.0,2102.0,2174.0,2150.0,642693.0,2058.34423828125
2019-01-23,2198.0,2120.0,2146.0,2136.0,444647.0,2044.941162109375
2019-01-24,2166.0,2110.0,2152.0,2110.0,371852.0,2020.049560546875
2019-01-25,2204.0,2102.0,2102.0,2192.0,371003.0,2098.553955078125
2019-01-28,2230.0,2154.0,2154.0,2194.0,173499.0,2100.46875
2019-01-29,2288.0,2186.0,2212.0,2258.0,485889.0,2161.740478515625
2019-01-30,2358.0,2248.0,2248.0,2322.0,751155.0,2223.01171875
2019-01-31,2350.0,2178.0,2310.0,2202.0,506579.0,2108.127685546875
2019-02-01,2278.0,2190.0,2190.0,2212.0,340990.0,2117.701171875
2019-02-04,2210.0,2152.0,2194.0,2160.0,310031.0,2067.918212890625
2019-02-05,2276.0,2136.0,2166.0,2270.0,541982.0,2173.228759765625
2019-02-06,2332.0,2236.0,2246.0,2306.0,622962.0,2207.694091796875
2019-02-07,2314.0,2170.0,2296.0,2170.0,856483.0,2077.491943359375
2019-02-08,2210.0,2144.0,2196.0,2148.0,645225.0,2056.429443359375
2019-02-11,2248.0,2152.0,2170.0,2232.0,1117177.0,2136.8486328125
2019-02-12,2266.0,2206.0,2220.0,2266.0,842546.0,2169.399169921875
2019-02-13,2424.0,2276.0,2288.0,2424.0,1205634.0,2320.66357421875
2019-02-14,2456.0,2310.0,2424.0,2354.0,935109.0,2253.647705078125
2019-02-15,2382.0,2300.0,2376.0,2340.0,670300.0,2240.24462890625
2019-02-18,2338.0,2302.0,2318.0,2304.0,397972.0,2205.779296875
2019-02-19,2320.0,2278.0,2302.0,2320.0,493451.0,2221.09716796875
2019-02-20,2336.0,2256.0,2312.0,2276.0,757082.0,2178.972900390625
2019-02-21,2296.0,2218.0,2286.0,2238.0,681871.0,2142.5927734375
2019-02-22,2278.0,2228.0,2240.0,2246.0,518406.0,2150.251953125
2019-02-25,2294.0,2232.0,2244.0,2280.0,398904.0,2182.802490234375
2019-02-26,2284.0,2218.0,2250.0,2268.0,527897.0,2171.31396484375
2019-02-27,2238.0,2168.0,2218.0,2200.0,964252.0,2106.212890625
2019-02-28,2208.0,2114.0,2196.0,2142.0,536648.0,2050.685546875
2019-03-01,2184.0,2136.0,2136.0,2184.0,563582.0,2090.89501953125
2019-03-04,2262.0,2182.0,2186.0,2230.0,407960.0,2134.93408203125
2019-03-05,2264.0,2224.0,2224.0,2248.0,732500.0,2152.16650390625
2019-03-06,2276.0,2230.0,2258.0,2268.0,1199351.0,2171.31396484375
2019-03-07,2266.0,2160.0,2248.0,2160.0,751759.0,2067.918212890625
2019-03-08,2158.0,2086.0,2158.0,2112.0,612055.0,2021.96435546875
2019-03-11,2174.0,2120.0,2132.0,2172.0,351860.0,2079.40673828125
2019-03-12,2220.0,2162.0,2174.0,2166.0,427189.0,2073.662353515625
2019-03-13,2200.0,2158.0,2180.0,2180.0,383569.0,2087.0654296875
2019-03-14,2248.0,2138.0,2172.0,2150.0,690005.0,2058.34423828125
2019-03-15,2198.0,2142.0,2156.0,2178.0,665358.0,2085.150634765625
2019-03-18,2226.0,2182.0,2182.0,2216.0,365216.0,2121.53076171875
2019-03-19,2300.0,2188.0,2216.0,2288.0,666543.0,2190.46142578125
2019-03-20,2350.0,2274.0,2274.0,2320.0,1041460.0,2221.09716796875
2019-03-21,2352.0,2286.0,2326.0,2286.0,963122.0,2188.546630859375
2019-03-22,2280.0,2170.0,2280.0,2186.0,477791.0,2092.8095703125
2019-03-25,2202.0,2144.0,2196.0,2156.0,376072.0,2064.088623046875
2019-03-26,2178.0,2100.0,2176.0,2100.0,870330.0,2010.4759521484375
2019-03-27,2138.0,2078.0,2122.0,2114.0,478974.0,2023.8790283203125
2019-03-28,2140.0,2072.0,2108.0,2096.0,743808.0,2006.6463623046875
2019-03-29,2160.0,2096.0,2100.0,2154.0,493336.0,2062.173828125
2019-04-01,2194.0,2126.0,2126.0,2170.0,617671.0,2077.491943359375
2019-04-02,2244.0,2187.0,2195.0,2244.0,844848.0,2148.337158203125
2019-04-03,2333.0,2232.0,2240.0,2304.0,1422166.0,2205.779296875
2019-04-04,2328.0,2259.0,2315.0,2324.0,665583.0,2224.926513671875
2019-04-05,2365.0,2316.0,2316.0,2364.0,463515.0,2263.221435546875
2019-04-08,2393.0,2343.0,2371.0,2366.0,553307.0,2265.13623046875
2019-04-09,2379.0,2275.0,2379.0,2275.0,539671.0,2178.015625
2019-04-10,2318.0,2261.0,2285.0,2318.0,498002.0,2219.1826171875
2019-04-11,2295.0,2201.0,2274.0,2252.0,1006618.0,2225.30908203125
2019-04-12,2339.0,2248.0,2270.0,2310.0,796947.0,2282.62158203125
2019-04-15,2337.0,2298.0,2330.0,2299.0,228438.0,2271.751953125
2019-04-16,2343.0,2274.0,2329.0,2319.0,1068970.0,2291.514892578125
2019-04-17,2361.0,2308.0,2323.0,2361.0,831211.0,2333.01708984375
2019-04-18,2383.0,2320.0,2362.0,2373.0,1123932.0,2344.874755859375
2019-04-23,2421.0,2349.0,2412.0,2421.0,831965.0,2392.305908203125
2019-04-24,2422.0,2316.0,2407.0,2322.0,565698.0,2294.479248046875
2019-04-25,2346.0,2251.0,2346.0,2294.0,815014.0,2266.811279296875
2019-04-26,2379.0,2261.0,2303.0,2356.0,530755.0,2328.076416015625
2019-04-29,2405.0,2343.0,2355.0,2345.0,432174.0,2317.206787109375
2019-04-30,2363.0,2227.0,2361.0,2245.0,426603.0,2218.391845703125
2019-05-01,2296.0,2252.0,2276.0,2260.0,152820.0,2233.214111328125
2019-05-02,2324.0,2237.0,2257.0,2322.0,718701.0,2294.479248046875
2019-05-03,2364.0,2321.0,2342.0,2328.0,511436.0,2300.408203125
2019-05-07,2345.0,2278.0,2319.0,2290.0,688602.0,2262.858642578125
2019-05-08,2333.0,2270.0,2276.0,2286.0,698657.0,2258.906005859375
2019-05-09,2317.0,2245.0,2288.0,2251.0,779190.0,2224.32080078125
2019-05-10,2298.0,2224.0,2282.0,2236.0,536598.0,2209.49853515625
2019-05-13,2241.0,2158.0,2241.0,2166.0,342491.0,2140.328369140625
2019-05-14,2205.0,2164.0,2179.0,2201.0,306135.0,2174.913330078125
2019-05-15,2221.0,2141.0,2191.0,2167.0,472402.0,2141.31640625
2019-05-16,2220.0,2135.0,2158.0,2220.0,438384.0,2193.688232421875
2019-05-17,2209.0,2155.0,2208.0,2177.0,387753.0,2151.197998046875
2019-05-20,2194.0,2117.0,2194.0,2151.0,248769.0,2125.506103515625
2019-05-21,2191.0,2149.0,2164.0,2185.0,311799.0,2159.10302734375
2019-05-22,2330.0,2225.0,2225.0,2305.0,881360.0,2277.680908203125
2019-05-23,2263.0,2175.0,2255.0,2205.0,997709.0,2178.865966796875
2019-05-24,2272.0,2214.0,2220.0,2256.0,443176.0,2229.261474609375
2019-05-28,2244.0,2200.0,2200.0,2221.0,522121.0,2194.67626953125
2019-05-29,2215.0,2168.0,2212.0,2183.0,363404.0,2157.126708984375
2019-05-30,2221.0,2162.0,2186.0,2203.0,476787.0,2176.8896484375
2019-05-31,2203.0,2147.0,2195.0,2200.0,354155.0,2173.92529296875
2019-06-03,2223.0,2149.0,2172.0,2221.0,417975.0,2194.67626953125
2019-06-04,2253.0,2182.0,2214.0,2209.0,576503.0,2182.818603515625
2019-06-05,2239.0,2171.0,2213.0,2209.0,572588.0,2182.818603515625
2019-06-06,2232.0,2169.0,2225.0,2194.0,630777.0,2167.996337890625
2019-06-07,2280.0,2192.0,2217.0,2280.0,486584.0,2252.97705078125
2019-06-10,2310.0,2266.0,2294.0,2284.0,488123.0,2256.9296875
2019-06-11,2369.0,2280.0,2281.0,2329.0,636832.0,2301.396240234375
2019-06-12,2347.0,2278.0,2325.0,2279.0,472415.0,2251.989013671875
2019-06-13,2429.0,2280.0,2283.0,2388.0,957487.0,2359.697021484375
2019-06-14,2386.0,2332.0,2386.0,2374.0,338573.0,2345.863037109375
2019-06-17,2389.0,2356.0,2389.0,2369.0,219468.0,2340.92236328125
2019-06-18,2433.0,2319.0,2387.0,2420.0,758580.0,2391.31787109375
2019-06-19,2455.0,2401.0,2407.0,2433.0,551079.0,2404.163818359375
2019-06-20,2463.0,2401.0,2447.0,2412.0,758275.0,2383.41259765625
2019-06-21,2452.0,2330.0,2427.0,2330.0,2138493.0,2302.384521484375
2019-06-24,2366.0,2288.0,2351.0,2326.0,524441.0,2298.431884765625
2019-06-25,2400.0,2290.0,2290.0,2400.0,526333.0,2371.554931640625
2019-06-26,2419.0,2358.0,2391.0,2419.0,699784.0,2390.32958984375
2019-06-27,2447.0,2363.0,2398.0,2401.0,585801.0,2372.54296875
2019-06-28,2402.0,2367.0,2400.0,2382.0,477534.0,2353.768310546875
2019-07-01,2485.0,2396.0,2396.0,2464.0,642602.0,2434.79638671875
2019-07-02,2500.0,2443.0,2489.0,2465.0,667719.0,2435.784423828125
2019-07-03,2537.0,2464.0,2489.0,2537.0,587027.0,2506.93115234375
2019-07-04,2550.0,2506.0,2515.0,2524.0,386593.0,2494.085205078125
2019-07-05,2526.0,2477.0,2526.0,2480.0,230360.0,2450.606689453125
2019-07-08,2492.0,2432.0,2492.0,2468.0,176209.0,2438.7490234375
2019-07-09,2494.0,2448.0,2478.0,2466.0,553700.0,2436.772705078125
2019-07-10,2540.0,2440.0,2440.0,2540.0,464625.0,2509.8955078125
2019-07-11,2588.0,2528.0,2554.0,2542.0,564941.0,2511.871826171875
2019-07-12,2626.0,2548.0,2570.0,2610.0,456108.0,2579.06591796875
2019-07-15,2676.0,2616.0,2632.0,2656.0,503942.0,2624.520751953125
2019-07-16,2666.0,2596.0,2666.0,2610.0,469536.0,2579.06591796875
2019-07-17,2638.0,2590.0,2630.0,2590.0,502429.0,2559.302978515625
2019-07-18,2594.0,2546.0,2566.0,2560.0,436886.0,2529.658447265625
2019-07-19,2578.0,2490.0,2572.0,2542.0,509540.0,2511.871826171875
2019-07-22,2622.0,2530.0,2542.0,2576.0,250100.0,2545.468994140625
2019-07-23,2686.0,2566.0,2566.0,2672.0,670714.0,2640.3310546875
2019-07-24,2690.0,2646.0,2686.0,2686.0,280606.0,2654.1650390625
2019-07-25,2710.0,2636.0,2684.0,2666.0,569298.0,2634.402099609375
2019-07-26,2664.0,2598.0,2640.0,2632.0,391780.0,2600.80517578125
2019-07-29,2656.0,2598.0,2612.0,2646.0,392595.0,2614.63916015625
2019-07-30,2672.0,2604.0,2650.0,2606.0,405303.0,2575.11328125
2019-07-31,2686.0,2580.0,2582.0,2608.0,674741.0,2577.089599609375
2019-08-01,2620.0,2532.0,2596.0,2576.0,572758.0,2545.468994140625
2019-08-02,2562.0,2474.0,2536.0,2520.0,581186.0,2490.132568359375
2019-08-05,2504.0,2420.0,2496.0,2438.0,599636.0,2409.1044921875
2019-08-06,2448.0,2384.0,2436.0,2384.0,570416.0,2355.744384765625
2019-08-07,2408.0,2370.0,2376.0,2376.0,600613.0,2347.83935546875
2019-08-08,2468.0,2374.0,2394.0,2468.0,304954.0,2438.7490234375
2019-08-09,2460.35009765625,2416.0,2446.0,2450.0,529686.0,2420.962158203125
2019-08-12,2488.0,2428.0,2480.0,2448.0,180482.0,2418.98583984375
2019-08-13,2494.0,2412.0,2466.0,2478.0,261391.0,2448.63037109375
2019-08-14,2496.0,2402.0,2496.0,2428.0,238822.0,2399.222900390625
2019-08-15,2446.0,2350.0,2422.0,2372.0,498252.0,2343.88671875
2019-08-16,2448.0,2394.0,2396.0,2434.0,227355.0,2405.15185546875
2019-08-19,2474.0,2442.0,2450.0,2446.0,307648.0,2417.009765625
2019-08-20,2466.0,2404.0,2458.0,2404.0,311022.0,2375.50732421875
2019-08-21,2482.0,2408.0,2408.0,2468.0,194063.0,2438.7490234375
2019-08-22,2476.0,2406.0,2440.0,2440.0,280662.0,2411.080810546875
2019-08-23,2468.0,2402.0,2430.0,2412.0,246619.0,2383.41259765625
2019-08-27,2496.0,2388.0,2396.0,2490.0,420709.0,2460.488037109375
2019-08-28,2490.0,2420.0,2464.0,2452.0,284978.0,2422.9384765625
2019-08-29,2498.0,2438.0,2440.0,2498.0,1040485.0,2468.393310546875
2019-08-30,2536.0,2490.0,2496.0,2536.0,307791.0,2505.94287109375
2019-09-02,2568.0,2512.0,2524.0,2522.0,229934.0,2492.10888671875
2019-09-03,2530.0,2446.0,2526.0,2460.0,465946.0,2430.84375
2019-09-04,2512.0,2450.0,2450.0,2486.0,235723.0,2456.53564453125
2019-09-05,2522.0,2476.0,2490.0,2522.0,450786.0,2492.10888671875
2019-09-06,2648.0,2518.0,2518.0,2608.0,704520.0,2577.089599609375
2019-09-09,2620.0,2538.0,2618.0,2600.0,708029.0,2569.184326171875
2019-09-10,2636.0,2578.0,2578.0,2624.0,277601.0,2592.89990234375
2019-09-11,2694.0,2632.9599609375,2640.0,2650.0,706124.0,2618.591796875
2019-09-12,2694.0,2610.0,2680.0,2638.0,1031452.0,2606.734130859375
2019-09-13,2672.0,2624.0,2628.0,2658.0,638254.0,2626.4970703125
2019-09-16,2654.0,2606.0,2634.0,2606.0,373832.0,2575.11328125
2019-09-17,2611.449951171875,2494.0,2600.0,2528.0,605349.0,2498.037841796875
2019-09-18,2566.0,2499.929931640625,2534.0,2506.0,351441.0,2476.298583984375
2019-09-19,2550.0,2482.0,2506.0,2482.0,594168.0,2452.5830078125
2019-09-20,2486.0,2438.0,2464.0,2458.0,1263147.0,2428.867431640625
2019-09-23,2458.0,2374.0,2456.0,2400.0,1212016.0,2371.554931640625
2019-09-24,2412.0,2374.0,2402.0,2374.0,555775.0,2345.863037109375
2019-09-25,2372.0,2306.0,2372.0,2354.0,645451.0,2326.10009765625
2019-09-26,2388.0,2328.0,2328.0,2368.0,504233.0,2368.0
2019-09-27,2460.0,2368.0,2368.0,2452.0,873293.0,2452.0
2019-09-30,2468.800048828125,2420.0,2440.0,2434.0,314636.0,2434.0
2019-10-01,2466.0,2409.719970703125,2440.0,2444.0,658892.0,2444.0
2019-10-02,2430.0,2370.0,2408.0,2382.0,688316.0,2382.0
2019-10-03,2384.0,2301.929931640625,2382.0,2330.0,493862.0,2330.0
2019-10-04,2416.0,2306.0,2356.0,2404.0,380841.0,2404.0
2019-10-07,2440.0,2376.0,2400.0,2424.0,228642.0,2424.0
2019-10-08,2484.0,2428.0,2452.0,2444.0,347632.0,2444.0
2019-10-09,2470.0,2417.570068359375,2432.0,2436.0,250604.0,2436.0
2019-10-10,2482.0,2356.0,2430.0,2464.0,568665.0,2464.0
2019-10-11,2548.0,2442.0,2442.0,2530.0,389498.0,2530.0
2019-10-14,2538.0,2442.0,2538.0,2488.0,288538.0,2488.0
2019-10-15,2564.0,2490.0,2490.0,2564.0,554631.0,2564.0
2019-10-16,2574.0,2528.0,2530.0,2534.0,521628.0,2534.0
2019-10-17,2566.0,2444.0,2550.0,2444.0,522563.0,2444.0
2019-10-18,2486.0,2420.0,2450.0,2468.0,317717.0,2468.0
2019-10-21,2518.0,2470.0,2472.0,2508.0,343339.0,2508.0
2019-10-22,2528.389892578125,2480.0,2512.0,2500.0,228227.0,2500.0
2019-10-23,2528.0,2480.0,2494.0,2510.0,204182.0,2510.0
2019-10-24,2552.0,2490.0,2518.0,2552.0,223732.0,2552.0
2019-10-25,2582.0,2530.0,2536.0,2582.0,308239.0,2582.0
2019-10-28,2624.0,2538.0,2590.0,2600.0,256187.0,2600.0
2019-10-29,2606.0,2528.0,2576.0,2542.0,393465.0,2542.0
2019-10-30,2620.0,2548.0,2550.0,2596.0,476614.0,2596.0
2019-10-31,2620.0,2560.0,2620.0,2572.0,378694.0,2572.0
2019-11-01,2648.0,2582.0,2598.0,2636.0,275083.0,2636.0
2019-11-04,2772.0,2654.0,2654.0,2758.0,535678.0,2758.0
2019-11-05,2764.0,2698.0,2730.0,2714.0,519856.0,2714.0
2019-11-06,2720.0,2680.0400390625,2720.0,2694.0,251830.0,2694.0
2019-11-07,2766.0,2706.0,2706.0,2760.0,372772.0,2760.0
2019-11-08,2758.0,2678.0,2734.0,2684.0,268513.0,2684.0
2019-11-11,2692.0,2646.0,2682.0,2676.0,223147.0,2676.0
2019-11-12,2736.0,2658.0,2658.0,2712.0,200528.0,2712.0
2019-11-13,2730.0,2674.0,2706.0,2716.0,116626.0,2716.0
2019-11-14,2736.0,2698.0,2714.0,2720.0,424457.0,2720.0
2019-11-15,2761.43994140625,2697.8798828125,2744.0,2732.0,255757.0,2732.0
2019-11-18,2756.0,2698.0,2730.0,2728.0,205452.0,2728.0
2019-11-19,2744.0,2686.0,2740.0,2696.0,412563.0,2696.0
2019-11-20,2704.0,2670.0,2704.0,2686.0,432027.0,2686.0
2019-11-21,2694.0,2644.0,2666.0,2654.0,397432.0,2654.0
2019-11-22,2738.0,2658.0,2668.0,2722.0,369325.0,2722.0
2019-11-25,2778.0,2730.0,2730.0,2766.0,141677.0,2766.0
2019-11-26,2796.0,2744.0,2796.0,2760.0,242330.0,2760.0
2019-11-27,2798.570068359375,2754.0,2786.0,2774.0,230083.0,2774.0
2019-11-28,2768.0,2730.0,2744.0,2748.0,157781.0,2748.0
2019-11-29,2762.0,2718.0,2718.0,2730.0,187646.0,2730.0
2019-12-02,2796.0,2718.0,2718.0,2720.0,191765.0,2720.0
2019-12-03,2748.0,2666.0,2714.0,2680.0,456921.0,2680.0
2019-12-04,2726.0,2664.0,2664.0,2700.0,389734.0,2700.0
2019-12-05,2700.0,2600.0,2700.0,2606.0,585936.0,2606.0
2019-12-06,2682.0,2594.0,2612.0,2656.0,237969.0,2656.0
2019-12-09,2684.0,2634.0,2634.0,2664.0,176249.0,2664.0
2019-12-10,2692.0,2624.0,2650.0,2668.0,279204.0,2668.0
2019-12-11,2714.0,2674.0,2686.0,2704.0,494454.0,2704.0
2019-12-12,2748.0,2692.0,2712.0,2738.0,250822.0,2738.0
2019-12-13,2842.0,2698.0,2712.0,2760.0,469411.0,2760.0
2019-12-16,2850.0,2762.0,2800.0,2844.0,640084.0,2844.0
2019-12-17,2872.0,2834.0,2858.0,2856.0,274533.0,2856.0
2019-12-18,2899.14990234375,2868.0,2878.0,2882.0,305140.0,2882.0
2019-12-19,2910.0,2876.0,2900.0,2902.0,1061682.0,2902.0
2019-12-20,2938.0,2894.0,2920.0,2936.0,557387.0,2936.0
2019-12-23,2954.0,2912.0,2934.0,2950.0,392486.0,2950.0
2019-12-24,2960.0,2934.0,2938.0,2934.0,47182.0,2934.0
2019-12-27,2968.0,2936.0,2948.0,2966.0,123697.0,2966.0
2019-12-30,2976.0,2926.0,2976.0,2932.0,153500.0,2932.0
